100 722
1 3 1
1 4 1
1 14 1
1 27 1
1 28 1
1 37 1
1 38 1
1 55 1
1 56 1
1 77 1
1 78 1
1 82 1
1 93 1
2 22 1
2 25 1
2 26 1
2 30 1
2 46 1
2 49 1
2 51 1
2 53 1
2 56 1
2 66 1
2 74 1
2 78 1
2 87 1
2 89 1
2 97 1
3 4 1
3 5 1
3 22 1
3 41 1
3 43 1
3 45 1
3 53 1
3 90 1
4 10 1
4 16 1
4 20 1
4 25 1
4 39 1
4 40 1
4 47 1
4 52 1
4 53 1
4 56 1
4 70 1
4 85 1
4 94 1
4 99 1
5 14 1
5 25 1
5 29 1
5 39 1
5 40 1
5 46 1
5 51 1
5 57 1
5 60 1
5 66 1
5 73 1
5 76 1
5 78 1
5 79 1
5 86 1
6 12 1
6 20 1
6 26 1
6 34 1
6 36 1
6 47 1
6 63 1
6 64 1
6 65 1
6 69 1
6 77 1
6 80 1
6 84 1
7 37 1
7 40 1
7 47 1
7 61 1
7 81 1
7 89 1
7 93 1
8 31 1
8 32 1
8 39 1
8 48 1
8 50 1
8 55 1
8 57 1
8 58 1
8 59 1
8 70 1
8 71 1
8 77 1
9 12 1
9 14 1
9 19 1
9 22 1
9 24 1
9 27 1
9 35 1
9 36 1
9 53 1
9 56 1
9 57 1
9 62 1
9 69 1
9 70 1
9 72 1
9 80 1
9 82 1
9 87 1
9 91 1
10 13 1
10 16 1
10 17 1
10 19 1
10 28 1
10 33 1
10 41 1
10 42 1
10 49 1
10 67 1
10 76 1
10 78 1
10 80 1
10 86 1
10 92 1
10 95 1
10 100 1
11 22 1
11 29 1
11 34 1
11 40 1
11 44 1
11 51 1
11 57 1
11 69 1
11 76 1
11 77 1
11 79 1
11 80 1
11 86 1
11 87 1
11 99 1
12 14 1
12 18 1
12 22 1
12 40 1
12 76 1
12 80 1
12 91 1
12 93 1
12 95 1
13 14 1
13 16 1
13 17 1
13 20 1
13 24 1
13 30 1
13 31 1
13 37 1
13 41 1
13 45 1
13 46 1
13 60 1
13 69 1
13 72 1
13 75 1
13 88 1
13 93 1
13 94 1
14 18 1
14 21 1
14 41 1
14 42 1
14 45 1
14 52 1
14 53 1
14 56 1
14 65 1
14 66 1
14 71 1
14 87 1
14 97 1
14 100 1
15 24 1
15 27 1
15 28 1
15 30 1
15 73 1
15 75 1
15 77 1
15 79 1
15 80 1
15 89 1
15 93 1
16 26 1
16 28 1
16 31 1
16 32 1
16 34 1
16 50 1
16 51 1
16 73 1
16 75 1
16 89 1
16 95 1
16 97 1
17 23 1
17 25 1
17 30 1
17 32 1
17 41 1
17 45 1
17 54 1
17 58 1
17 66 1
17 75 1
17 76 1
17 94 1
17 96 1
18 22 1
18 23 1
18 27 1
18 34 1
18 46 1
18 50 1
18 64 1
18 65 1
18 72 1
18 78 1
18 90 1
19 33 1
19 44 1
19 53 1
19 58 1
19 59 1
19 61 1
19 73 1
19 86 1
19 89 1
19 91 1
19 96 1
20 39 1
20 40 1
20 49 1
20 50 1
20 51 1
20 78 1
20 81 1
20 85 1
20 87 1
20 99 1
21 26 1
21 30 1
21 48 1
21 52 1
21 66 1
21 77 1
22 23 1
22 24 1
22 28 1
22 29 1
22 36 1
22 42 1
22 45 1
22 46 1
22 47 1
22 55 1
22 73 1
22 75 1
22 88 1
22 92 1
22 93 1
22 94 1
22 97 1
23 30 1
23 41 1
23 52 1
23 54 1
23 63 1
23 64 1
23 74 1
23 90 1
24 29 1
24 32 1
24 33 1
24 42 1
24 44 1
24 51 1
24 62 1
24 76 1
24 77 1
24 79 1
24 90 1
24 95 1
24 97 1
25 30 1
25 34 1
25 35 1
25 37 1
25 42 1
25 50 1
25 53 1
25 55 1
25 56 1
25 64 1
25 66 1
25 78 1
25 80 1
25 84 1
25 87 1
25 90 1
26 33 1
26 34 1
26 35 1
26 40 1
26 44 1
26 53 1
26 54 1
26 56 1
26 57 1
26 60 1
26 64 1
26 72 1
26 78 1
26 82 1
26 87 1
26 88 1
26 95 1
26 97 1
27 41 1
27 43 1
27 53 1
27 60 1
27 70 1
27 80 1
27 97 1
27 98 1
28 34 1
28 68 1
28 81 1
28 84 1
28 88 1
28 89 1
28 90 1
28 99 1
29 33 1
29 36 1
29 44 1
29 45 1
29 46 1
29 50 1
29 53 1
29 54 1
29 56 1
29 58 1
29 59 1
29 66 1
29 69 1
29 76 1
29 77 1
29 88 1
29 100 1
30 31 1
30 36 1
30 42 1
30 47 1
30 49 1
30 69 1
30 79 1
30 87 1
30 92 1
30 95 1
30 97 1
31 34 1
31 36 1
31 37 1
31 50 1
31 75 1
31 77 1
31 82 1
32 36 1
32 42 1
32 44 1
32 49 1
32 53 1
32 60 1
32 62 1
32 66 1
32 68 1
32 70 1
32 77 1
32 78 1
33 35 1
33 36 1
33 48 1
33 51 1
33 62 1
33 67 1
33 71 1
33 98 1
34 35 1
34 37 1
34 40 1
34 47 1
34 49 1
34 51 1
34 60 1
34 62 1
34 64 1
34 66 1
34 70 1
34 83 1
35 55 1
35 61 1
35 76 1
35 83 1
35 84 1
35 86 1
35 100 1
36 47 1
36 58 1
36 62 1
36 86 1
36 88 1
36 91 1
36 98 1
37 46 1
37 63 1
37 64 1
37 66 1
37 78 1
37 82 1
37 84 1
37 89 1
38 40 1
38 41 1
38 43 1
38 51 1
38 52 1
38 54 1
38 55 1
38 60 1
38 66 1
38 70 1
38 77 1
38 80 1
38 81 1
38 83 1
38 89 1
38 91 1
39 40 1
39 42 1
39 44 1
39 55 1
39 63 1
39 72 1
39 74 1
39 79 1
39 82 1
39 92 1
39 96 1
40 43 1
40 55 1
40 61 1
40 73 1
40 75 1
40 77 1
40 84 1
40 87 1
40 88 1
40 97 1
41 45 1
41 52 1
41 55 1
41 68 1
41 70 1
41 72 1
41 84 1
41 85 1
41 95 1
42 45 1
42 48 1
42 51 1
42 63 1
42 68 1
42 78 1
42 81 1
42 86 1
42 98 1
42 100 1
43 59 1
43 62 1
43 70 1
43 76 1
43 82 1
43 87 1
44 49 1
44 61 1
44 74 1
44 83 1
44 85 1
44 90 1
44 97 1
45 53 1
45 57 1
45 61 1
45 66 1
45 67 1
45 86 1
45 93 1
45 95 1
45 96 1
46 48 1
46 50 1
46 52 1
46 60 1
46 73 1
46 90 1
46 92 1
47 48 1
47 49 1
47 65 1
47 72 1
47 74 1
47 88 1
47 92 1
47 94 1
47 100 1
48 50 1
48 51 1
48 59 1
48 66 1
48 69 1
48 73 1
48 77 1
48 92 1
48 95 1
48 97 1
49 61 1
49 66 1
49 67 1
49 75 1
49 79 1
49 85 1
49 96 1
50 56 1
50 59 1
50 62 1
50 64 1
50 70 1
50 72 1
50 78 1
50 81 1
50 83 1
50 84 1
50 87 1
50 88 1
50 99 1
51 53 1
51 55 1
51 56 1
51 68 1
51 80 1
51 82 1
51 91 1
51 93 1
52 55 1
52 67 1
52 83 1
52 84 1
52 96 1
53 79 1
53 82 1
53 83 1
53 85 1
53 96 1
54 56 1
54 61 1
54 71 1
54 92 1
54 94 1
54 99 1
55 57 1
55 65 1
55 80 1
55 83 1
55 86 1
55 94 1
55 95 1
55 99 1
56 59 1
56 66 1
56 71 1
56 81 1
56 83 1
56 87 1
56 98 1
56 99 1
57 63 1
57 66 1
57 67 1
57 75 1
57 81 1
57 82 1
57 85 1
57 86 1
57 92 1
58 73 1
58 99 1
59 78 1
59 83 1
59 92 1
59 93 1
60 63 1
60 67 1
60 90 1
60 91 1
60 92 1
60 93 1
60 100 1
61 63 1
61 72 1
61 73 1
61 79 1
61 84 1
61 88 1
61 91 1
61 95 1
62 63 1
62 64 1
62 70 1
62 77 1
62 87 1
62 90 1
62 91 1
63 76 1
63 92 1
63 93 1
63 98 1
64 76 1
64 84 1
64 88 1
65 72 1
65 95 1
65 98 1
66 75 1
66 77 1
66 79 1
66 90 1
66 92 1
66 96 1
66 97 1
66 99 1
66 100 1
67 81 1
67 84 1
67 91 1
67 95 1
67 96 1
68 71 1
68 72 1
69 73 1
69 74 1
69 77 1
69 88 1
70 72 1
70 74 1
70 98 1
70 100 1
71 73 1
71 76 1
71 82 1
71 85 1
72 79 1
73 77 1
73 81 1
73 87 1
73 98 1
73 99 1
74 94 1
75 77 1
75 88 1
76 79 1
76 83 1
77 93 1
77 96 1
78 92 1
78 95 1
79 95 1
80 85 1
80 93 1
80 96 1
81 83 1
81 96 1
82 83 1
82 85 1
83 93 1
83 96 1
84 85 1
84 90 1
84 93 1
84 98 1
84 99 1
85 99 1
85 100 1
86 89 1
90 99 1
90 100 1
91 95 1
91 96 1
92 93 1
94 95 1
94 99 1
95 99 1
96 100 1
97 98 1
