200 5184
1 3 1
3 5 1
4 5 1
2 6 1
4 6 1
2 7 1
4 8 1
7 8 1
4 9 1
5 9 1
4 10 1
9 10 1
2 11 1
4 11 1
5 11 1
4 12 1
2 13 1
3 13 1
4 13 1
7 13 1
8 13 1
1 14 1
6 14 1
7 14 1
10 14 1
13 14 1
4 15 1
5 15 1
6 15 1
5 16 1
6 16 1
11 16 1
12 16 1
14 16 1
1 17 1
5 17 1
12 17 1
3 18 1
12 18 1
15 18 1
1 19 1
3 19 1
11 19 1
13 19 1
14 19 1
3 20 1
9 20 1
11 20 1
16 20 1
18 20 1
2 21 1
4 21 1
5 21 1
7 21 1
9 21 1
11 21 1
15 21 1
18 21 1
3 22 1
8 22 1
12 22 1
14 22 1
16 22 1
1 23 1
3 23 1
12 23 1
14 23 1
21 23 1
22 23 1
2 24 1
4 24 1
8 24 1
9 24 1
10 24 1
13 24 1
19 24 1
5 25 1
7 25 1
11 25 1
16 25 1
20 25 1
23 25 1
5 26 1
10 26 1
17 26 1
19 26 1
21 26 1
25 26 1
2 27 1
3 27 1
5 27 1
6 27 1
7 27 1
15 27 1
19 27 1
22 27 1
25 27 1
2 28 1
8 28 1
10 28 1
11 28 1
19 28 1
21 28 1
22 28 1
25 28 1
8 29 1
10 29 1
11 29 1
19 29 1
22 29 1
9 30 1
10 30 1
12 30 1
14 30 1
20 30 1
23 30 1
26 30 1
28 30 1
2 31 1
3 31 1
7 31 1
10 31 1
15 31 1
19 31 1
21 31 1
23 31 1
27 31 1
28 31 1
2 32 1
4 32 1
14 32 1
16 32 1
22 32 1
23 32 1
26 32 1
31 32 1
1 33 1
9 33 1
13 33 1
20 33 1
28 33 1
3 34 1
7 34 1
12 34 1
13 34 1
18 34 1
28 34 1
33 34 1
3 35 1
8 35 1
12 35 1
14 35 1
16 35 1
17 35 1
20 35 1
21 35 1
24 35 1
29 35 1
30 35 1
34 35 1
1 36 1
2 36 1
12 36 1
13 36 1
16 36 1
33 36 1
7 37 1
9 37 1
13 37 1
14 37 1
16 37 1
17 37 1
18 37 1
25 37 1
26 37 1
30 37 1
34 37 1
1 38 1
6 38 1
12 38 1
13 38 1
14 38 1
18 38 1
25 38 1
26 38 1
31 38 1
35 38 1
11 39 1
13 39 1
14 39 1
21 39 1
23 39 1
24 39 1
28 39 1
30 39 1
31 39 1
33 39 1
34 39 1
35 39 1
36 39 1
37 39 1
2 40 1
5 40 1
13 40 1
14 40 1
15 40 1
18 40 1
30 40 1
31 40 1
33 40 1
38 40 1
4 41 1
7 41 1
14 41 1
17 41 1
20 41 1
23 41 1
24 41 1
32 41 1
1 42 1
3 42 1
8 42 1
10 42 1
14 42 1
18 42 1
24 42 1
26 42 1
28 42 1
32 42 1
34 42 1
40 42 1
10 43 1
17 43 1
19 43 1
22 43 1
25 43 1
37 43 1
42 43 1
1 44 1
5 44 1
7 44 1
10 44 1
13 44 1
19 44 1
20 44 1
23 44 1
27 44 1
35 44 1
38 44 1
39 44 1
40 44 1
41 44 1
1 45 1
3 45 1
5 45 1
9 45 1
17 45 1
20 45 1
25 45 1
28 45 1
30 45 1
32 45 1
35 45 1
40 45 1
42 45 1
2 46 1
6 46 1
7 46 1
11 46 1
12 46 1
13 46 1
14 46 1
21 46 1
29 46 1
35 46 1
38 46 1
40 46 1
41 46 1
43 46 1
7 47 1
8 47 1
9 47 1
12 47 1
14 47 1
17 47 1
23 47 1
24 47 1
26 47 1
27 47 1
42 47 1
45 47 1
1 48 1
3 48 1
7 48 1
8 48 1
9 48 1
10 48 1
12 48 1
13 48 1
14 48 1
18 48 1
22 48 1
26 48 1
43 48 1
44 48 1
45 48 1
12 49 1
16 49 1
17 49 1
18 49 1
32 49 1
36 49 1
40 49 1
6 50 1
11 50 1
16 50 1
24 50 1
25 50 1
28 50 1
36 50 1
42 50 1
3 51 1
6 51 1
12 51 1
15 51 1
18 51 1
28 51 1
30 51 1
31 51 1
34 51 1
37 51 1
44 51 1
49 51 1
5 52 1
8 52 1
19 52 1
23 52 1
32 52 1
37 52 1
38 52 1
43 52 1
45 52 1
47 52 1
49 52 1
1 53 1
2 53 1
8 53 1
16 53 1
17 53 1
20 53 1
22 53 1
36 53 1
39 53 1
45 53 1
46 53 1
3 54 1
4 54 1
10 54 1
12 54 1
13 54 1
14 54 1
15 54 1
17 54 1
19 54 1
22 54 1
24 54 1
25 54 1
26 54 1
38 54 1
42 54 1
45 54 1
47 54 1
15 55 1
16 55 1
20 55 1
22 55 1
29 55 1
30 55 1
31 55 1
33 55 1
42 55 1
43 55 1
44 55 1
45 55 1
51 55 1
54 55 1
10 56 1
17 56 1
23 56 1
25 56 1
32 56 1
35 56 1
38 56 1
39 56 1
45 56 1
47 56 1
51 56 1
53 56 1
55 56 1
1 57 1
7 57 1
12 57 1
18 57 1
19 57 1
21 57 1
23 57 1
26 57 1
34 57 1
42 57 1
46 57 1
51 57 1
1 58 1
2 58 1
12 58 1
15 58 1
17 58 1
18 58 1
19 58 1
21 58 1
26 58 1
30 58 1
31 58 1
33 58 1
34 58 1
39 58 1
40 58 1
43 58 1
44 58 1
50 58 1
53 58 1
1 59 1
2 59 1
14 59 1
15 59 1
18 59 1
19 59 1
25 59 1
31 59 1
33 59 1
41 59 1
48 59 1
50 59 1
57 59 1
17 60 1
20 60 1
22 60 1
29 60 1
33 60 1
37 60 1
38 60 1
40 60 1
43 60 1
46 60 1
51 60 1
1 61 1
2 61 1
3 61 1
4 61 1
7 61 1
12 61 1
13 61 1
16 61 1
20 61 1
27 61 1
35 61 1
36 61 1
38 61 1
39 61 1
46 61 1
50 61 1
57 61 1
58 61 1
4 62 1
20 62 1
23 62 1
30 62 1
32 62 1
37 62 1
40 62 1
42 62 1
44 62 1
45 62 1
55 62 1
56 62 1
57 62 1
60 62 1
2 63 1
4 63 1
10 63 1
13 63 1
22 63 1
23 63 1
24 63 1
25 63 1
26 63 1
32 63 1
37 63 1
38 63 1
40 63 1
42 63 1
47 63 1
49 63 1
57 63 1
58 63 1
62 63 1
2 64 1
3 64 1
10 64 1
16 64 1
19 64 1
21 64 1
23 64 1
28 64 1
29 64 1
31 64 1
33 64 1
34 64 1
35 64 1
44 64 1
47 64 1
58 64 1
60 64 1
61 64 1
62 64 1
2 65 1
8 65 1
9 65 1
10 65 1
13 65 1
21 65 1
24 65 1
25 65 1
30 65 1
34 65 1
42 65 1
44 65 1
46 65 1
47 65 1
48 65 1
49 65 1
53 65 1
56 65 1
57 65 1
58 65 1
64 65 1
19 66 1
20 66 1
21 66 1
28 66 1
31 66 1
36 66 1
42 66 1
47 66 1
51 66 1
55 66 1
56 66 1
60 66 1
62 66 1
63 66 1
64 66 1
1 67 1
7 67 1
8 67 1
13 67 1
28 67 1
33 67 1
34 67 1
42 67 1
45 67 1
46 67 1
47 67 1
48 67 1
55 67 1
58 67 1
65 67 1
66 67 1
2 68 1
3 68 1
6 68 1
7 68 1
9 68 1
12 68 1
15 68 1
17 68 1
27 68 1
31 68 1
32 68 1
33 68 1
50 68 1
64 68 1
65 68 1
66 68 1
4 69 1
5 69 1
9 69 1
12 69 1
14 69 1
17 69 1
18 69 1
22 69 1
23 69 1
24 69 1
28 69 1
32 69 1
43 69 1
44 69 1
48 69 1
54 69 1
55 69 1
61 69 1
63 69 1
1 70 1
2 70 1
10 70 1
11 70 1
13 70 1
15 70 1
16 70 1
19 70 1
23 70 1
26 70 1
28 70 1
34 70 1
43 70 1
45 70 1
54 70 1
59 70 1
60 70 1
61 70 1
63 70 1
64 70 1
66 70 1
67 70 1
2 71 1
6 71 1
7 71 1
8 71 1
10 71 1
16 71 1
17 71 1
20 71 1
25 71 1
26 71 1
31 71 1
35 71 1
38 71 1
42 71 1
43 71 1
44 71 1
46 71 1
49 71 1
53 71 1
61 71 1
67 71 1
69 71 1
2 72 1
5 72 1
15 72 1
16 72 1
17 72 1
24 72 1
36 72 1
39 72 1
41 72 1
42 72 1
45 72 1
46 72 1
50 72 1
53 72 1
55 72 1
56 72 1
62 72 1
63 72 1
70 72 1
1 73 1
2 73 1
5 73 1
12 73 1
15 73 1
20 73 1
23 73 1
26 73 1
31 73 1
32 73 1
34 73 1
46 73 1
47 73 1
51 73 1
56 73 1
57 73 1
58 73 1
72 73 1
1 74 1
2 74 1
3 74 1
5 74 1
6 74 1
8 74 1
10 74 1
12 74 1
28 74 1
31 74 1
33 74 1
37 74 1
40 74 1
46 74 1
50 74 1
53 74 1
54 74 1
58 74 1
62 74 1
63 74 1
70 74 1
71 74 1
73 74 1
1 75 1
9 75 1
10 75 1
17 75 1
18 75 1
41 75 1
47 75 1
50 75 1
63 75 1
64 75 1
66 75 1
68 75 1
71 75 1
72 75 1
1 76 1
3 76 1
4 76 1
5 76 1
6 76 1
8 76 1
9 76 1
10 76 1
12 76 1
14 76 1
16 76 1
17 76 1
20 76 1
23 76 1
26 76 1
29 76 1
36 76 1
43 76 1
55 76 1
66 76 1
1 77 1
5 77 1
14 77 1
15 77 1
16 77 1
17 77 1
18 77 1
19 77 1
23 77 1
24 77 1
25 77 1
40 77 1
46 77 1
48 77 1
51 77 1
54 77 1
57 77 1
67 77 1
69 77 1
71 77 1
75 77 1
1 78 1
5 78 1
6 78 1
18 78 1
21 78 1
24 78 1
25 78 1
29 78 1
31 78 1
32 78 1
33 78 1
34 78 1
35 78 1
38 78 1
39 78 1
41 78 1
46 78 1
47 78 1
48 78 1
56 78 1
57 78 1
60 78 1
61 78 1
64 78 1
72 78 1
73 78 1
74 78 1
4 79 1
8 79 1
14 79 1
17 79 1
23 79 1
24 79 1
26 79 1
29 79 1
30 79 1
33 79 1
36 79 1
39 79 1
42 79 1
43 79 1
55 79 1
58 79 1
67 79 1
68 79 1
72 79 1
73 79 1
78 79 1
6 80 1
13 80 1
17 80 1
20 80 1
27 80 1
29 80 1
36 80 1
37 80 1
39 80 1
41 80 1
52 80 1
53 80 1
59 80 1
61 80 1
62 80 1
65 80 1
67 80 1
68 80 1
69 80 1
73 80 1
75 80 1
76 80 1
15 81 1
18 81 1
20 81 1
21 81 1
31 81 1
32 81 1
34 81 1
39 81 1
40 81 1
41 81 1
43 81 1
47 81 1
51 81 1
52 81 1
53 81 1
56 81 1
58 81 1
59 81 1
61 81 1
64 81 1
67 81 1
68 81 1
69 81 1
70 81 1
78 81 1
79 81 1
6 82 1
8 82 1
11 82 1
13 82 1
17 82 1
27 82 1
28 82 1
36 82 1
37 82 1
40 82 1
41 82 1
44 82 1
46 82 1
47 82 1
50 82 1
51 82 1
53 82 1
65 82 1
66 82 1
68 82 1
71 82 1
76 82 1
79 82 1
81 82 1
6 83 1
10 83 1
13 83 1
16 83 1
17 83 1
23 83 1
26 83 1
32 83 1
35 83 1
36 83 1
39 83 1
40 83 1
45 83 1
46 83 1
59 83 1
66 83 1
70 83 1
71 83 1
78 83 1
79 83 1
82 83 1
1 84 1
2 84 1
3 84 1
4 84 1
11 84 1
19 84 1
20 84 1
26 84 1
27 84 1
29 84 1
30 84 1
31 84 1
32 84 1
37 84 1
42 84 1
52 84 1
60 84 1
61 84 1
64 84 1
66 84 1
73 84 1
75 84 1
77 84 1
78 84 1
79 84 1
4 85 1
8 85 1
12 85 1
14 85 1
15 85 1
16 85 1
20 85 1
28 85 1
29 85 1
30 85 1
34 85 1
35 85 1
38 85 1
46 85 1
52 85 1
53 85 1
57 85 1
59 85 1
75 85 1
77 85 1
80 85 1
2 86 1
3 86 1
5 86 1
6 86 1
10 86 1
14 86 1
18 86 1
22 86 1
24 86 1
39 86 1
43 86 1
45 86 1
48 86 1
50 86 1
53 86 1
56 86 1
60 86 1
70 86 1
73 86 1
77 86 1
6 87 1
9 87 1
11 87 1
16 87 1
19 87 1
21 87 1
26 87 1
49 87 1
52 87 1
53 87 1
55 87 1
60 87 1
64 87 1
66 87 1
73 87 1
1 88 1
2 88 1
3 88 1
4 88 1
5 88 1
8 88 1
14 88 1
15 88 1
16 88 1
17 88 1
21 88 1
25 88 1
29 88 1
34 88 1
36 88 1
37 88 1
39 88 1
42 88 1
47 88 1
48 88 1
49 88 1
50 88 1
52 88 1
53 88 1
56 88 1
58 88 1
67 88 1
69 88 1
72 88 1
74 88 1
77 88 1
80 88 1
83 88 1
2 89 1
8 89 1
18 89 1
31 89 1
36 89 1
38 89 1
44 89 1
46 89 1
47 89 1
48 89 1
60 89 1
67 89 1
69 89 1
79 89 1
88 89 1
3 90 1
7 90 1
9 90 1
10 90 1
13 90 1
15 90 1
19 90 1
28 90 1
30 90 1
41 90 1
48 90 1
49 90 1
57 90 1
61 90 1
63 90 1
64 90 1
67 90 1
69 90 1
70 90 1
72 90 1
75 90 1
77 90 1
78 90 1
83 90 1
84 90 1
86 90 1
87 90 1
8 91 1
9 91 1
11 91 1
13 91 1
17 91 1
29 91 1
32 91 1
34 91 1
37 91 1
43 91 1
44 91 1
51 91 1
53 91 1
54 91 1
57 91 1
58 91 1
65 91 1
66 91 1
75 91 1
76 91 1
77 91 1
78 91 1
3 92 1
6 92 1
11 92 1
13 92 1
18 92 1
19 92 1
24 92 1
28 92 1
30 92 1
37 92 1
38 92 1
40 92 1
43 92 1
53 92 1
55 92 1
58 92 1
73 92 1
78 92 1
81 92 1
85 92 1
86 92 1
87 92 1
1 93 1
3 93 1
4 93 1
10 93 1
11 93 1
15 93 1
23 93 1
25 93 1
27 93 1
31 93 1
33 93 1
35 93 1
38 93 1
44 93 1
45 93 1
46 93 1
49 93 1
53 93 1
55 93 1
57 93 1
61 93 1
67 93 1
68 93 1
73 93 1
79 93 1
80 93 1
83 93 1
88 93 1
7 94 1
10 94 1
13 94 1
16 94 1
18 94 1
21 94 1
25 94 1
26 94 1
28 94 1
31 94 1
34 94 1
35 94 1
37 94 1
54 94 1
55 94 1
56 94 1
59 94 1
64 94 1
68 94 1
74 94 1
75 94 1
77 94 1
79 94 1
86 94 1
90 94 1
93 94 1
9 95 1
15 95 1
21 95 1
23 95 1
27 95 1
30 95 1
32 95 1
33 95 1
37 95 1
40 95 1
54 95 1
56 95 1
57 95 1
67 95 1
71 95 1
73 95 1
75 95 1
80 95 1
83 95 1
90 95 1
91 95 1
94 95 1
2 96 1
6 96 1
7 96 1
8 96 1
12 96 1
15 96 1
19 96 1
20 96 1
21 96 1
26 96 1
38 96 1
42 96 1
43 96 1
45 96 1
46 96 1
47 96 1
51 96 1
60 96 1
64 96 1
66 96 1
67 96 1
71 96 1
72 96 1
79 96 1
81 96 1
85 96 1
93 96 1
94 96 1
9 97 1
14 97 1
15 97 1
18 97 1
19 97 1
24 97 1
26 97 1
35 97 1
36 97 1
39 97 1
48 97 1
54 97 1
55 97 1
62 97 1
63 97 1
64 97 1
66 97 1
67 97 1
75 97 1
83 97 1
84 97 1
85 97 1
88 97 1
89 97 1
92 97 1
93 97 1
95 97 1
96 97 1
21 98 1
30 98 1
34 98 1
41 98 1
45 98 1
47 98 1
48 98 1
49 98 1
50 98 1
54 98 1
59 98 1
67 98 1
70 98 1
71 98 1
72 98 1
73 98 1
75 98 1
82 98 1
85 98 1
90 98 1
95 98 1
97 98 1
1 99 1
2 99 1
5 99 1
6 99 1
8 99 1
9 99 1
10 99 1
18 99 1
19 99 1
22 99 1
26 99 1
29 99 1
31 99 1
33 99 1
39 99 1
47 99 1
48 99 1
49 99 1
50 99 1
51 99 1
52 99 1
56 99 1
59 99 1
60 99 1
63 99 1
64 99 1
86 99 1
88 99 1
95 99 1
4 100 1
10 100 1
19 100 1
27 100 1
33 100 1
34 100 1
36 100 1
45 100 1
47 100 1
53 100 1
60 100 1
66 100 1
72 100 1
79 100 1
81 100 1
82 100 1
86 100 1
87 100 1
88 100 1
91 100 1
96 100 1
4 101 1
8 101 1
9 101 1
13 101 1
17 101 1
35 101 1
36 101 1
37 101 1
43 101 1
51 101 1
53 101 1
55 101 1
59 101 1
60 101 1
61 101 1
63 101 1
70 101 1
73 101 1
75 101 1
77 101 1
80 101 1
82 101 1
88 101 1
93 101 1
98 101 1
1 102 1
2 102 1
6 102 1
10 102 1
15 102 1
21 102 1
28 102 1
43 102 1
59 102 1
66 102 1
67 102 1
71 102 1
78 102 1
80 102 1
82 102 1
83 102 1
89 102 1
92 102 1
95 102 1
1 103 1
4 103 1
8 103 1
12 103 1
17 103 1
19 103 1
20 103 1
24 103 1
25 103 1
27 103 1
29 103 1
30 103 1
31 103 1
35 103 1
39 103 1
41 103 1
43 103 1
45 103 1
46 103 1
55 103 1
57 103 1
59 103 1
60 103 1
62 103 1
72 103 1
75 103 1
77 103 1
80 103 1
82 103 1
84 103 1
87 103 1
92 103 1
94 103 1
99 103 1
1 104 1
5 104 1
9 104 1
14 104 1
19 104 1
20 104 1
28 104 1
30 104 1
34 104 1
41 104 1
44 104 1
50 104 1
51 104 1
56 104 1
57 104 1
58 104 1
61 104 1
62 104 1
64 104 1
67 104 1
71 104 1
83 104 1
84 104 1
94 104 1
97 104 1
98 104 1
99 104 1
102 104 1
11 105 1
26 105 1
28 105 1
31 105 1
41 105 1
49 105 1
50 105 1
53 105 1
64 105 1
65 105 1
72 105 1
75 105 1
78 105 1
83 105 1
97 105 1
101 105 1
103 105 1
1 106 1
8 106 1
11 106 1
16 106 1
23 106 1
24 106 1
27 106 1
33 106 1
35 106 1
37 106 1
39 106 1
47 106 1
51 106 1
52 106 1
54 106 1
63 106 1
80 106 1
97 106 1
100 106 1
3 107 1
5 107 1
11 107 1
14 107 1
17 107 1
26 107 1
44 107 1
49 107 1
54 107 1
57 107 1
59 107 1
69 107 1
78 107 1
79 107 1
80 107 1
81 107 1
87 107 1
88 107 1
92 107 1
93 107 1
6 108 1
8 108 1
14 108 1
18 108 1
20 108 1
21 108 1
25 108 1
27 108 1
28 108 1
31 108 1
33 108 1
35 108 1
40 108 1
44 108 1
48 108 1
49 108 1
50 108 1
52 108 1
53 108 1
54 108 1
56 108 1
60 108 1
61 108 1
65 108 1
67 108 1
70 108 1
75 108 1
76 108 1
78 108 1
87 108 1
91 108 1
96 108 1
101 108 1
102 108 1
106 108 1
1 109 1
4 109 1
7 109 1
8 109 1
12 109 1
15 109 1
21 109 1
34 109 1
40 109 1
42 109 1
43 109 1
44 109 1
46 109 1
49 109 1
51 109 1
55 109 1
65 109 1
68 109 1
72 109 1
78 109 1
84 109 1
86 109 1
90 109 1
96 109 1
97 109 1
99 109 1
102 109 1
104 109 1
107 109 1
5 110 1
7 110 1
10 110 1
13 110 1
29 110 1
31 110 1
39 110 1
40 110 1
41 110 1
48 110 1
49 110 1
50 110 1
51 110 1
53 110 1
55 110 1
66 110 1
69 110 1
70 110 1
77 110 1
79 110 1
80 110 1
85 110 1
86 110 1
87 110 1
88 110 1
92 110 1
94 110 1
100 110 1
103 110 1
104 110 1
108 110 1
109 110 1
2 111 1
8 111 1
11 111 1
16 111 1
19 111 1
20 111 1
22 111 1
24 111 1
26 111 1
28 111 1
33 111 1
35 111 1
40 111 1
41 111 1
44 111 1
53 111 1
59 111 1
67 111 1
70 111 1
72 111 1
74 111 1
76 111 1
77 111 1
83 111 1
85 111 1
89 111 1
91 111 1
94 111 1
97 111 1
101 111 1
102 111 1
104 111 1
105 111 1
107 111 1
108 111 1
109 111 1
1 112 1
2 112 1
4 112 1
10 112 1
17 112 1
23 112 1
28 112 1
32 112 1
38 112 1
42 112 1
45 112 1
47 112 1
48 112 1
52 112 1
63 112 1
64 112 1
82 112 1
84 112 1
88 112 1
93 112 1
94 112 1
108 112 1
109 112 1
7 113 1
9 113 1
13 113 1
15 113 1
20 113 1
21 113 1
22 113 1
32 113 1
35 113 1
37 113 1
41 113 1
44 113 1
45 113 1
50 113 1
55 113 1
64 113 1
67 113 1
73 113 1
75 113 1
79 113 1
86 113 1
90 113 1
94 113 1
96 113 1
100 113 1
107 113 1
110 113 1
112 113 1
1 114 1
2 114 1
9 114 1
16 114 1
18 114 1
19 114 1
20 114 1
22 114 1
23 114 1
27 114 1
30 114 1
33 114 1
34 114 1
36 114 1
37 114 1
39 114 1
43 114 1
47 114 1
50 114 1
52 114 1
54 114 1
55 114 1
69 114 1
71 114 1
84 114 1
88 114 1
90 114 1
97 114 1
100 114 1
101 114 1
103 114 1
110 114 1
3 115 1
6 115 1
7 115 1
10 115 1
14 115 1
16 115 1
19 115 1
24 115 1
26 115 1
31 115 1
34 115 1
35 115 1
36 115 1
37 115 1
38 115 1
62 115 1
64 115 1
67 115 1
76 115 1
77 115 1
79 115 1
84 115 1
90 115 1
93 115 1
95 115 1
97 115 1
98 115 1
99 115 1
106 115 1
108 115 1
109 115 1
111 115 1
1 116 1
2 116 1
3 116 1
12 116 1
15 116 1
18 116 1
19 116 1
20 116 1
22 116 1
25 116 1
35 116 1
38 116 1
43 116 1
44 116 1
45 116 1
46 116 1
52 116 1
60 116 1
62 116 1
68 116 1
74 116 1
75 116 1
81 116 1
82 116 1
86 116 1
89 116 1
95 116 1
98 116 1
3 117 1
5 117 1
10 117 1
13 117 1
23 117 1
25 117 1
27 117 1
29 117 1
30 117 1
31 117 1
41 117 1
44 117 1
51 117 1
56 117 1
60 117 1
63 117 1
69 117 1
70 117 1
82 117 1
84 117 1
89 117 1
94 117 1
97 117 1
102 117 1
104 117 1
105 117 1
106 117 1
111 117 1
8 118 1
9 118 1
13 118 1
15 118 1
16 118 1
26 118 1
30 118 1
32 118 1
35 118 1
36 118 1
38 118 1
39 118 1
42 118 1
43 118 1
49 118 1
51 118 1
52 118 1
64 118 1
66 118 1
71 118 1
72 118 1
77 118 1
81 118 1
86 118 1
90 118 1
94 118 1
96 118 1
100 118 1
105 118 1
112 118 1
115 118 1
1 119 1
3 119 1
4 119 1
10 119 1
17 119 1
36 119 1
40 119 1
41 119 1
43 119 1
55 119 1
56 119 1
58 119 1
66 119 1
75 119 1
76 119 1
78 119 1
79 119 1
82 119 1
85 119 1
87 119 1
88 119 1
89 119 1
92 119 1
93 119 1
97 119 1
99 119 1
101 119 1
112 119 1
114 119 1
115 119 1
5 120 1
8 120 1
10 120 1
14 120 1
15 120 1
16 120 1
23 120 1
25 120 1
26 120 1
28 120 1
29 120 1
34 120 1
35 120 1
46 120 1
50 120 1
58 120 1
72 120 1
85 120 1
90 120 1
106 120 1
113 120 1
114 120 1
116 120 1
2 121 1
3 121 1
4 121 1
5 121 1
8 121 1
13 121 1
21 121 1
26 121 1
27 121 1
33 121 1
34 121 1
35 121 1
43 121 1
50 121 1
57 121 1
62 121 1
69 121 1
70 121 1
71 121 1
76 121 1
78 121 1
82 121 1
83 121 1
84 121 1
88 121 1
91 121 1
101 121 1
111 121 1
114 121 1
117 121 1
120 121 1
8 122 1
13 122 1
14 122 1
15 122 1
21 122 1
25 122 1
29 122 1
32 122 1
33 122 1
34 122 1
35 122 1
38 122 1
40 122 1
47 122 1
48 122 1
50 122 1
56 122 1
58 122 1
62 122 1
66 122 1
72 122 1
76 122 1
81 122 1
82 122 1
92 122 1
93 122 1
98 122 1
99 122 1
100 122 1
102 122 1
109 122 1
110 122 1
111 122 1
11 123 1
13 123 1
16 123 1
17 123 1
19 123 1
21 123 1
23 123 1
24 123 1
25 123 1
29 123 1
33 123 1
34 123 1
35 123 1
41 123 1
49 123 1
56 123 1
68 123 1
72 123 1
73 123 1
77 123 1
83 123 1
85 123 1
86 123 1
97 123 1
98 123 1
100 123 1
102 123 1
104 123 1
105 123 1
110 123 1
2 124 1
4 124 1
8 124 1
12 124 1
14 124 1
19 124 1
21 124 1
29 124 1
31 124 1
35 124 1
38 124 1
39 124 1
48 124 1
50 124 1
51 124 1
55 124 1
56 124 1
61 124 1
62 124 1
65 124 1
68 124 1
75 124 1
84 124 1
94 124 1
104 124 1
106 124 1
109 124 1
113 124 1
121 124 1
122 124 1
16 125 1
18 125 1
23 125 1
28 125 1
29 125 1
31 125 1
32 125 1
35 125 1
36 125 1
37 125 1
41 125 1
45 125 1
46 125 1
49 125 1
50 125 1
52 125 1
55 125 1
61 125 1
63 125 1
68 125 1
73 125 1
75 125 1
82 125 1
90 125 1
96 125 1
101 125 1
104 125 1
108 125 1
117 125 1
1 126 1
4 126 1
5 126 1
7 126 1
13 126 1
14 126 1
19 126 1
25 126 1
30 126 1
31 126 1
39 126 1
40 126 1
41 126 1
43 126 1
44 126 1
45 126 1
51 126 1
59 126 1
60 126 1
64 126 1
65 126 1
69 126 1
78 126 1
81 126 1
84 126 1
86 126 1
88 126 1
93 126 1
95 126 1
96 126 1
98 126 1
102 126 1
106 126 1
108 126 1
117 126 1
4 127 1
5 127 1
11 127 1
15 127 1
17 127 1
24 127 1
26 127 1
28 127 1
29 127 1
30 127 1
35 127 1
37 127 1
41 127 1
42 127 1
45 127 1
47 127 1
52 127 1
57 127 1
60 127 1
61 127 1
64 127 1
65 127 1
69 127 1
71 127 1
73 127 1
79 127 1
82 127 1
90 127 1
92 127 1
97 127 1
98 127 1
100 127 1
101 127 1
105 127 1
107 127 1
109 127 1
115 127 1
116 127 1
124 127 1
126 127 1
1 128 1
5 128 1
13 128 1
14 128 1
17 128 1
18 128 1
20 128 1
23 128 1
24 128 1
25 128 1
28 128 1
29 128 1
33 128 1
34 128 1
37 128 1
40 128 1
43 128 1
44 128 1
45 128 1
46 128 1
47 128 1
48 128 1
49 128 1
53 128 1
55 128 1
57 128 1
59 128 1
65 128 1
66 128 1
67 128 1
68 128 1
74 128 1
85 128 1
86 128 1
88 128 1
89 128 1
92 128 1
94 128 1
95 128 1
102 128 1
103 128 1
112 128 1
114 128 1
115 128 1
117 128 1
119 128 1
126 128 1
6 129 1
10 129 1
13 129 1
16 129 1
18 129 1
19 129 1
25 129 1
32 129 1
40 129 1
41 129 1
42 129 1
50 129 1
58 129 1
60 129 1
61 129 1
64 129 1
68 129 1
69 129 1
74 129 1
77 129 1
90 129 1
95 129 1
97 129 1
104 129 1
106 129 1
114 129 1
116 129 1
117 129 1
121 129 1
1 130 1
5 130 1
7 130 1
16 130 1
21 130 1
25 130 1
27 130 1
32 130 1
33 130 1
37 130 1
40 130 1
43 130 1
44 130 1
46 130 1
47 130 1
51 130 1
53 130 1
54 130 1
61 130 1
65 130 1
66 130 1
71 130 1
82 130 1
83 130 1
84 130 1
90 130 1
91 130 1
92 130 1
95 130 1
98 130 1
106 130 1
108 130 1
110 130 1
118 130 1
119 130 1
120 130 1
129 130 1
8 131 1
11 131 1
13 131 1
17 131 1
18 131 1
19 131 1
20 131 1
21 131 1
24 131 1
25 131 1
30 131 1
31 131 1
37 131 1
41 131 1
42 131 1
44 131 1
49 131 1
51 131 1
54 131 1
57 131 1
61 131 1
62 131 1
77 131 1
78 131 1
86 131 1
90 131 1
91 131 1
93 131 1
94 131 1
95 131 1
99 131 1
100 131 1
102 131 1
107 131 1
109 131 1
110 131 1
111 131 1
112 131 1
115 131 1
118 131 1
124 131 1
125 131 1
6 132 1
7 132 1
9 132 1
17 132 1
21 132 1
25 132 1
27 132 1
32 132 1
33 132 1
34 132 1
40 132 1
41 132 1
42 132 1
45 132 1
50 132 1
53 132 1
54 132 1
55 132 1
60 132 1
63 132 1
66 132 1
77 132 1
85 132 1
89 132 1
91 132 1
95 132 1
97 132 1
98 132 1
102 132 1
103 132 1
104 132 1
116 132 1
119 132 1
121 132 1
126 132 1
128 132 1
4 133 1
6 133 1
9 133 1
11 133 1
18 133 1
19 133 1
21 133 1
24 133 1
26 133 1
28 133 1
33 133 1
37 133 1
39 133 1
41 133 1
44 133 1
47 133 1
53 133 1
64 133 1
65 133 1
71 133 1
82 133 1
86 133 1
87 133 1
91 133 1
93 133 1
94 133 1
97 133 1
105 133 1
114 133 1
116 133 1
4 134 1
8 134 1
13 134 1
17 134 1
21 134 1
29 134 1
39 134 1
49 134 1
52 134 1
53 134 1
68 134 1
72 134 1
75 134 1
81 134 1
83 134 1
86 134 1
93 134 1
95 134 1
99 134 1
111 134 1
116 134 1
117 134 1
119 134 1
123 134 1
125 134 1
133 134 1
2 135 1
3 135 1
6 135 1
20 135 1
32 135 1
34 135 1
35 135 1
37 135 1
41 135 1
44 135 1
53 135 1
56 135 1
58 135 1
63 135 1
69 135 1
71 135 1
79 135 1
85 135 1
86 135 1
87 135 1
89 135 1
90 135 1
91 135 1
92 135 1
97 135 1
101 135 1
102 135 1
103 135 1
106 135 1
109 135 1
112 135 1
113 135 1
114 135 1
117 135 1
119 135 1
121 135 1
123 135 1
126 135 1
132 135 1
134 135 1
1 136 1
2 136 1
3 136 1
18 136 1
25 136 1
32 136 1
34 136 1
37 136 1
40 136 1
41 136 1
42 136 1
44 136 1
46 136 1
47 136 1
49 136 1
60 136 1
61 136 1
62 136 1
70 136 1
76 136 1
78 136 1
87 136 1
97 136 1
99 136 1
106 136 1
107 136 1
130 136 1
133 136 1
6 137 1
17 137 1
18 137 1
32 137 1
35 137 1
36 137 1
39 137 1
44 137 1
50 137 1
61 137 1
66 137 1
75 137 1
78 137 1
79 137 1
83 137 1
85 137 1
86 137 1
88 137 1
91 137 1
96 137 1
97 137 1
100 137 1
104 137 1
107 137 1
109 137 1
111 137 1
122 137 1
126 137 1
130 137 1
131 137 1
133 137 1
1 138 1
13 138 1
15 138 1
18 138 1
19 138 1
21 138 1
23 138 1
31 138 1
35 138 1
46 138 1
47 138 1
48 138 1
50 138 1
62 138 1
66 138 1
67 138 1
68 138 1
76 138 1
78 138 1
80 138 1
82 138 1
84 138 1
89 138 1
91 138 1
92 138 1
94 138 1
96 138 1
97 138 1
100 138 1
101 138 1
106 138 1
108 138 1
110 138 1
114 138 1
124 138 1
130 138 1
134 138 1
136 138 1
3 139 1
5 139 1
7 139 1
8 139 1
15 139 1
17 139 1
18 139 1
30 139 1
41 139 1
44 139 1
52 139 1
55 139 1
68 139 1
69 139 1
72 139 1
79 139 1
82 139 1
87 139 1
88 139 1
96 139 1
99 139 1
102 139 1
107 139 1
109 139 1
112 139 1
117 139 1
121 139 1
131 139 1
133 139 1
136 139 1
137 139 1
1 140 1
20 140 1
21 140 1
27 140 1
33 140 1
41 140 1
46 140 1
53 140 1
59 140 1
61 140 1
63 140 1
67 140 1
69 140 1
82 140 1
84 140 1
92 140 1
93 140 1
100 140 1
106 140 1
110 140 1
119 140 1
123 140 1
128 140 1
134 140 1
138 140 1
1 141 1
2 141 1
3 141 1
5 141 1
8 141 1
10 141 1
21 141 1
31 141 1
36 141 1
43 141 1
47 141 1
49 141 1
50 141 1
64 141 1
66 141 1
69 141 1
70 141 1
72 141 1
85 141 1
91 141 1
103 141 1
106 141 1
107 141 1
112 141 1
114 141 1
126 141 1
130 141 1
132 141 1
137 141 1
138 141 1
2 142 1
6 142 1
14 142 1
17 142 1
18 142 1
19 142 1
25 142 1
29 142 1
31 142 1
40 142 1
44 142 1
53 142 1
57 142 1
69 142 1
72 142 1
74 142 1
78 142 1
86 142 1
99 142 1
101 142 1
102 142 1
106 142 1
108 142 1
111 142 1
113 142 1
128 142 1
130 142 1
138 142 1
140 142 1
4 143 1
12 143 1
15 143 1
17 143 1
18 143 1
21 143 1
23 143 1
28 143 1
39 143 1
42 143 1
48 143 1
49 143 1
50 143 1
52 143 1
57 143 1
62 143 1
63 143 1
64 143 1
67 143 1
74 143 1
75 143 1
79 143 1
85 143 1
88 143 1
89 143 1
99 143 1
102 143 1
105 143 1
112 143 1
114 143 1
116 143 1
118 143 1
121 143 1
4 144 1
5 144 1
14 144 1
15 144 1
18 144 1
20 144 1
21 144 1
22 144 1
25 144 1
35 144 1
38 144 1
40 144 1
43 144 1
44 144 1
45 144 1
52 144 1
58 144 1
63 144 1
67 144 1
73 144 1
84 144 1
86 144 1
95 144 1
100 144 1
101 144 1
102 144 1
104 144 1
105 144 1
107 144 1
108 144 1
110 144 1
111 144 1
119 144 1
127 144 1
130 144 1
137 144 1
7 145 1
8 145 1
11 145 1
15 145 1
22 145 1
34 145 1
35 145 1
37 145 1
42 145 1
48 145 1
53 145 1
56 145 1
57 145 1
65 145 1
68 145 1
74 145 1
75 145 1
83 145 1
85 145 1
87 145 1
90 145 1
98 145 1
107 145 1
109 145 1
115 145 1
118 145 1
120 145 1
121 145 1
122 145 1
126 145 1
127 145 1
128 145 1
141 145 1
8 146 1
13 146 1
15 146 1
18 146 1
21 146 1
24 146 1
26 146 1
29 146 1
34 146 1
35 146 1
36 146 1
51 146 1
54 146 1
55 146 1
58 146 1
61 146 1
65 146 1
66 146 1
71 146 1
77 146 1
78 146 1
80 146 1
82 146 1
83 146 1
87 146 1
88 146 1
95 146 1
108 146 1
113 146 1
114 146 1
122 146 1
132 146 1
141 146 1
2 147 1
3 147 1
8 147 1
13 147 1
14 147 1
18 147 1
21 147 1
26 147 1
27 147 1
31 147 1
33 147 1
34 147 1
40 147 1
42 147 1
43 147 1
45 147 1
47 147 1
54 147 1
66 147 1
67 147 1
71 147 1
73 147 1
83 147 1
84 147 1
86 147 1
88 147 1
90 147 1
91 147 1
95 147 1
104 147 1
111 147 1
115 147 1
117 147 1
121 147 1
135 147 1
141 147 1
142 147 1
1 148 1
7 148 1
8 148 1
9 148 1
19 148 1
20 148 1
23 148 1
29 148 1
31 148 1
33 148 1
34 148 1
36 148 1
39 148 1
43 148 1
44 148 1
51 148 1
55 148 1
64 148 1
65 148 1
67 148 1
73 148 1
76 148 1
79 148 1
80 148 1
86 148 1
88 148 1
95 148 1
97 148 1
100 148 1
107 148 1
111 148 1
121 148 1
128 148 1
130 148 1
135 148 1
142 148 1
144 148 1
146 148 1
7 149 1
10 149 1
13 149 1
25 149 1
31 149 1
32 149 1
39 149 1
42 149 1
57 149 1
58 149 1
75 149 1
82 149 1
83 149 1
84 149 1
85 149 1
86 149 1
88 149 1
89 149 1
91 149 1
93 149 1
95 149 1
96 149 1
99 149 1
106 149 1
108 149 1
109 149 1
114 149 1
115 149 1
122 149 1
132 149 1
137 149 1
141 149 1
3 150 1
7 150 1
10 150 1
14 150 1
15 150 1
16 150 1
20 150 1
24 150 1
28 150 1
29 150 1
42 150 1
45 150 1
47 150 1
50 150 1
54 150 1
56 150 1
57 150 1
59 150 1
62 150 1
66 150 1
68 150 1
71 150 1
87 150 1
91 150 1
94 150 1
100 150 1
102 150 1
104 150 1
109 150 1
112 150 1
114 150 1
121 150 1
128 150 1
136 150 1
137 150 1
140 150 1
144 150 1
147 150 1
1 151 1
2 151 1
7 151 1
10 151 1
16 151 1
17 151 1
18 151 1
27 151 1
28 151 1
34 151 1
36 151 1
41 151 1
42 151 1
44 151 1
45 151 1
46 151 1
50 151 1
56 151 1
58 151 1
61 151 1
63 151 1
66 151 1
70 151 1
71 151 1
76 151 1
87 151 1
92 151 1
93 151 1
102 151 1
103 151 1
104 151 1
106 151 1
107 151 1
112 151 1
118 151 1
123 151 1
124 151 1
126 151 1
130 151 1
134 151 1
137 151 1
140 151 1
144 151 1
145 151 1
150 151 1
3 152 1
5 152 1
10 152 1
14 152 1
15 152 1
24 152 1
28 152 1
29 152 1
30 152 1
33 152 1
35 152 1
37 152 1
38 152 1
43 152 1
49 152 1
56 152 1
57 152 1
61 152 1
63 152 1
64 152 1
67 152 1
68 152 1
71 152 1
76 152 1
78 152 1
88 152 1
91 152 1
92 152 1
94 152 1
96 152 1
98 152 1
101 152 1
105 152 1
107 152 1
108 152 1
112 152 1
113 152 1
124 152 1
127 152 1
129 152 1
131 152 1
132 152 1
133 152 1
134 152 1
139 152 1
140 152 1
147 152 1
149 152 1
150 152 1
2 153 1
7 153 1
8 153 1
10 153 1
13 153 1
17 153 1
18 153 1
28 153 1
31 153 1
33 153 1
37 153 1
38 153 1
41 153 1
42 153 1
47 153 1
57 153 1
60 153 1
64 153 1
65 153 1
70 153 1
71 153 1
72 153 1
75 153 1
81 153 1
88 153 1
89 153 1
94 153 1
96 153 1
99 153 1
102 153 1
106 153 1
108 153 1
109 153 1
116 153 1
118 153 1
119 153 1
122 153 1
124 153 1
126 153 1
128 153 1
129 153 1
133 153 1
140 153 1
142 153 1
144 153 1
145 153 1
152 153 1
8 154 1
10 154 1
17 154 1
18 154 1
20 154 1
24 154 1
29 154 1
32 154 1
33 154 1
35 154 1
42 154 1
45 154 1
46 154 1
51 154 1
53 154 1
61 154 1
67 154 1
72 154 1
73 154 1
76 154 1
83 154 1
84 154 1
92 154 1
93 154 1
94 154 1
95 154 1
98 154 1
112 154 1
114 154 1
118 154 1
120 154 1
121 154 1
123 154 1
130 154 1
138 154 1
140 154 1
145 154 1
1 155 1
2 155 1
4 155 1
5 155 1
9 155 1
11 155 1
12 155 1
14 155 1
15 155 1
24 155 1
36 155 1
37 155 1
38 155 1
47 155 1
53 155 1
57 155 1
60 155 1
64 155 1
66 155 1
71 155 1
73 155 1
74 155 1
76 155 1
81 155 1
85 155 1
91 155 1
97 155 1
101 155 1
104 155 1
105 155 1
114 155 1
119 155 1
120 155 1
121 155 1
125 155 1
126 155 1
127 155 1
131 155 1
136 155 1
137 155 1
139 155 1
143 155 1
148 155 1
154 155 1
2 156 1
3 156 1
5 156 1
10 156 1
20 156 1
24 156 1
25 156 1
26 156 1
27 156 1
31 156 1
37 156 1
39 156 1
40 156 1
42 156 1
43 156 1
47 156 1
48 156 1
49 156 1
55 156 1
57 156 1
63 156 1
64 156 1
65 156 1
72 156 1
77 156 1
81 156 1
87 156 1
97 156 1
101 156 1
103 156 1
104 156 1
107 156 1
109 156 1
111 156 1
112 156 1
113 156 1
115 156 1
116 156 1
122 156 1
129 156 1
130 156 1
132 156 1
135 156 1
137 156 1
140 156 1
141 156 1
143 156 1
149 156 1
152 156 1
155 156 1
10 157 1
12 157 1
14 157 1
33 157 1
34 157 1
42 157 1
48 157 1
50 157 1
53 157 1
54 157 1
56 157 1
62 157 1
67 157 1
69 157 1
73 157 1
74 157 1
79 157 1
82 157 1
83 157 1
86 157 1
96 157 1
98 157 1
99 157 1
102 157 1
103 157 1
106 157 1
109 157 1
112 157 1
122 157 1
129 157 1
137 157 1
140 157 1
141 157 1
143 157 1
145 157 1
148 157 1
150 157 1
155 157 1
4 158 1
5 158 1
6 158 1
9 158 1
10 158 1
12 158 1
13 158 1
14 158 1
27 158 1
31 158 1
39 158 1
53 158 1
56 158 1
57 158 1
63 158 1
64 158 1
66 158 1
67 158 1
74 158 1
75 158 1
82 158 1
87 158 1
90 158 1
91 158 1
93 158 1
95 158 1
96 158 1
110 158 1
115 158 1
116 158 1
118 158 1
119 158 1
131 158 1
137 158 1
143 158 1
146 158 1
152 158 1
155 158 1
5 159 1
11 159 1
14 159 1
18 159 1
22 159 1
24 159 1
30 159 1
39 159 1
55 159 1
63 159 1
72 159 1
80 159 1
82 159 1
87 159 1
91 159 1
93 159 1
94 159 1
96 159 1
102 159 1
103 159 1
108 159 1
110 159 1
119 159 1
121 159 1
122 159 1
125 159 1
127 159 1
131 159 1
132 159 1
133 159 1
135 159 1
136 159 1
144 159 1
146 159 1
149 159 1
150 159 1
154 159 1
158 159 1
2 160 1
3 160 1
7 160 1
9 160 1
10 160 1
11 160 1
14 160 1
17 160 1
21 160 1
22 160 1
25 160 1
32 160 1
36 160 1
44 160 1
47 160 1
48 160 1
50 160 1
55 160 1
59 160 1
61 160 1
62 160 1
67 160 1
71 160 1
72 160 1
80 160 1
83 160 1
84 160 1
89 160 1
90 160 1
92 160 1
95 160 1
100 160 1
105 160 1
119 160 1
121 160 1
122 160 1
125 160 1
130 160 1
131 160 1
138 160 1
144 160 1
145 160 1
148 160 1
149 160 1
152 160 1
157 160 1
159 160 1
2 161 1
14 161 1
21 161 1
32 161 1
44 161 1
46 161 1
51 161 1
54 161 1
56 161 1
57 161 1
58 161 1
59 161 1
60 161 1
62 161 1
70 161 1
75 161 1
78 161 1
80 161 1
84 161 1
88 161 1
90 161 1
97 161 1
100 161 1
104 161 1
106 161 1
108 161 1
113 161 1
116 161 1
121 161 1
123 161 1
129 161 1
130 161 1
134 161 1
142 161 1
145 161 1
148 161 1
150 161 1
156 161 1
158 161 1
160 161 1
11 162 1
16 162 1
18 162 1
19 162 1
36 162 1
37 162 1
43 162 1
46 162 1
50 162 1
52 162 1
53 162 1
54 162 1
58 162 1
61 162 1
63 162 1
66 162 1
69 162 1
83 162 1
84 162 1
85 162 1
86 162 1
88 162 1
92 162 1
93 162 1
96 162 1
99 162 1
109 162 1
136 162 1
139 162 1
141 162 1
144 162 1
146 162 1
150 162 1
152 162 1
157 162 1
158 162 1
1 163 1
13 163 1
16 163 1
17 163 1
19 163 1
27 163 1
28 163 1
29 163 1
31 163 1
32 163 1
39 163 1
56 163 1
59 163 1
67 163 1
68 163 1
69 163 1
70 163 1
72 163 1
73 163 1
78 163 1
79 163 1
80 163 1
83 163 1
84 163 1
101 163 1
102 163 1
103 163 1
106 163 1
110 163 1
119 163 1
120 163 1
121 163 1
122 163 1
134 163 1
135 163 1
136 163 1
139 163 1
144 163 1
145 163 1
151 163 1
159 163 1
162 163 1
1 164 1
3 164 1
8 164 1
10 164 1
23 164 1
25 164 1
32 164 1
35 164 1
37 164 1
39 164 1
45 164 1
46 164 1
47 164 1
51 164 1
53 164 1
57 164 1
58 164 1
65 164 1
74 164 1
83 164 1
84 164 1
91 164 1
94 164 1
97 164 1
100 164 1
101 164 1
104 164 1
107 164 1
113 164 1
118 164 1
119 164 1
128 164 1
131 164 1
137 164 1
144 164 1
145 164 1
146 164 1
153 164 1
156 164 1
158 164 1
159 164 1
162 164 1
5 165 1
7 165 1
8 165 1
16 165 1
17 165 1
18 165 1
32 165 1
33 165 1
37 165 1
38 165 1
43 165 1
48 165 1
58 165 1
59 165 1
71 165 1
76 165 1
79 165 1
81 165 1
96 165 1
110 165 1
113 165 1
118 165 1
120 165 1
121 165 1
123 165 1
125 165 1
133 165 1
136 165 1
137 165 1
139 165 1
148 165 1
150 165 1
157 165 1
164 165 1
7 166 1
10 166 1
13 166 1
19 166 1
21 166 1
22 166 1
23 166 1
28 166 1
30 166 1
31 166 1
34 166 1
38 166 1
44 166 1
45 166 1
46 166 1
49 166 1
50 166 1
53 166 1
63 166 1
74 166 1
75 166 1
77 166 1
85 166 1
91 166 1
94 166 1
104 166 1
108 166 1
110 166 1
115 166 1
117 166 1
119 166 1
120 166 1
121 166 1
124 166 1
126 166 1
141 166 1
147 166 1
149 166 1
150 166 1
152 166 1
153 166 1
157 166 1
158 166 1
161 166 1
7 167 1
18 167 1
24 167 1
45 167 1
46 167 1
47 167 1
48 167 1
49 167 1
50 167 1
57 167 1
61 167 1
65 167 1
67 167 1
70 167 1
77 167 1
83 167 1
87 167 1
89 167 1
96 167 1
98 167 1
99 167 1
102 167 1
104 167 1
110 167 1
112 167 1
114 167 1
116 167 1
118 167 1
119 167 1
129 167 1
130 167 1
131 167 1
132 167 1
143 167 1
145 167 1
151 167 1
155 167 1
158 167 1
164 167 1
2 168 1
13 168 1
14 168 1
18 168 1
19 168 1
27 168 1
32 168 1
42 168 1
43 168 1
47 168 1
48 168 1
49 168 1
55 168 1
61 168 1
64 168 1
65 168 1
66 168 1
67 168 1
70 168 1
71 168 1
72 168 1
75 168 1
78 168 1
80 168 1
81 168 1
82 168 1
96 168 1
101 168 1
102 168 1
103 168 1
105 168 1
106 168 1
110 168 1
116 168 1
118 168 1
122 168 1
123 168 1
126 168 1
128 168 1
129 168 1
132 168 1
139 168 1
140 168 1
146 168 1
150 168 1
156 168 1
166 168 1
5 169 1
7 169 1
8 169 1
9 169 1
15 169 1
16 169 1
22 169 1
25 169 1
32 169 1
34 169 1
37 169 1
38 169 1
53 169 1
66 169 1
67 169 1
72 169 1
74 169 1
75 169 1
80 169 1
88 169 1
90 169 1
91 169 1
92 169 1
99 169 1
106 169 1
109 169 1
111 169 1
112 169 1
121 169 1
123 169 1
127 169 1
133 169 1
135 169 1
137 169 1
147 169 1
148 169 1
150 169 1
154 169 1
157 169 1
166 169 1
5 170 1
9 170 1
12 170 1
14 170 1
15 170 1
20 170 1
25 170 1
30 170 1
31 170 1
33 170 1
34 170 1
37 170 1
38 170 1
39 170 1
40 170 1
42 170 1
44 170 1
47 170 1
50 170 1
52 170 1
53 170 1
55 170 1
61 170 1
70 170 1
77 170 1
83 170 1
87 170 1
90 170 1
92 170 1
117 170 1
119 170 1
134 170 1
138 170 1
140 170 1
142 170 1
144 170 1
145 170 1
152 170 1
166 170 1
168 170 1
2 171 1
4 171 1
6 171 1
7 171 1
8 171 1
9 171 1
12 171 1
17 171 1
20 171 1
22 171 1
24 171 1
34 171 1
35 171 1
37 171 1
52 171 1
55 171 1
58 171 1
68 171 1
73 171 1
88 171 1
89 171 1
91 171 1
97 171 1
98 171 1
99 171 1
100 171 1
107 171 1
111 171 1
112 171 1
113 171 1
114 171 1
115 171 1
117 171 1
119 171 1
121 171 1
122 171 1
126 171 1
130 171 1
131 171 1
135 171 1
137 171 1
141 171 1
143 171 1
150 171 1
153 171 1
156 171 1
162 171 1
164 171 1
166 171 1
8 172 1
11 172 1
19 172 1
20 172 1
28 172 1
29 172 1
31 172 1
36 172 1
39 172 1
40 172 1
45 172 1
46 172 1
47 172 1
48 172 1
54 172 1
57 172 1
62 172 1
70 172 1
74 172 1
76 172 1
83 172 1
92 172 1
101 172 1
103 172 1
104 172 1
105 172 1
107 172 1
109 172 1
111 172 1
114 172 1
118 172 1
122 172 1
124 172 1
126 172 1
128 172 1
130 172 1
134 172 1
135 172 1
136 172 1
138 172 1
141 172 1
144 172 1
148 172 1
149 172 1
150 172 1
156 172 1
157 172 1
158 172 1
159 172 1
161 172 1
165 172 1
2 173 1
11 173 1
14 173 1
20 173 1
31 173 1
33 173 1
36 173 1
37 173 1
38 173 1
40 173 1
48 173 1
53 173 1
54 173 1
59 173 1
61 173 1
63 173 1
77 173 1
80 173 1
86 173 1
94 173 1
104 173 1
107 173 1
109 173 1
112 173 1
114 173 1
115 173 1
128 173 1
137 173 1
149 173 1
155 173 1
156 173 1
159 173 1
161 173 1
166 173 1
167 173 1
169 173 1
172 173 1
2 174 1
3 174 1
12 174 1
14 174 1
15 174 1
18 174 1
21 174 1
22 174 1
31 174 1
40 174 1
43 174 1
47 174 1
48 174 1
51 174 1
56 174 1
66 174 1
72 174 1
74 174 1
76 174 1
77 174 1
79 174 1
96 174 1
97 174 1
105 174 1
111 174 1
117 174 1
118 174 1
122 174 1
127 174 1
131 174 1
133 174 1
149 174 1
155 174 1
157 174 1
161 174 1
168 174 1
170 174 1
171 174 1
3 175 1
15 175 1
18 175 1
19 175 1
21 175 1
28 175 1
29 175 1
31 175 1
33 175 1
36 175 1
41 175 1
43 175 1
45 175 1
51 175 1
52 175 1
60 175 1
65 175 1
70 175 1
75 175 1
77 175 1
78 175 1
79 175 1
83 175 1
87 175 1
88 175 1
91 175 1
96 175 1
97 175 1
104 175 1
105 175 1
108 175 1
109 175 1
111 175 1
113 175 1
115 175 1
124 175 1
129 175 1
134 175 1
136 175 1
139 175 1
140 175 1
147 175 1
155 175 1
160 175 1
161 175 1
166 175 1
167 175 1
168 175 1
169 175 1
171 175 1
172 175 1
1 176 1
6 176 1
9 176 1
14 176 1
23 176 1
31 176 1
36 176 1
39 176 1
41 176 1
48 176 1
49 176 1
55 176 1
56 176 1
60 176 1
63 176 1
67 176 1
68 176 1
73 176 1
80 176 1
81 176 1
82 176 1
91 176 1
92 176 1
93 176 1
94 176 1
104 176 1
105 176 1
110 176 1
114 176 1
118 176 1
119 176 1
130 176 1
131 176 1
134 176 1
141 176 1
143 176 1
144 176 1
147 176 1
150 176 1
151 176 1
154 176 1
157 176 1
163 176 1
168 176 1
2 177 1
3 177 1
5 177 1
9 177 1
11 177 1
15 177 1
17 177 1
18 177 1
21 177 1
28 177 1
31 177 1
39 177 1
45 177 1
46 177 1
47 177 1
48 177 1
50 177 1
59 177 1
62 177 1
63 177 1
68 177 1
73 177 1
83 177 1
86 177 1
87 177 1
89 177 1
91 177 1
93 177 1
96 177 1
105 177 1
111 177 1
114 177 1
115 177 1
118 177 1
119 177 1
122 177 1
125 177 1
126 177 1
128 177 1
131 177 1
133 177 1
135 177 1
138 177 1
139 177 1
141 177 1
144 177 1
147 177 1
148 177 1
154 177 1
156 177 1
160 177 1
163 177 1
164 177 1
165 177 1
167 177 1
169 177 1
171 177 1
176 177 1
7 178 1
17 178 1
21 178 1
23 178 1
35 178 1
36 178 1
39 178 1
41 178 1
45 178 1
51 178 1
56 178 1
59 178 1
64 178 1
65 178 1
70 178 1
78 178 1
79 178 1
80 178 1
86 178 1
88 178 1
89 178 1
90 178 1
92 178 1
98 178 1
99 178 1
101 178 1
106 178 1
107 178 1
111 178 1
114 178 1
117 178 1
125 178 1
127 178 1
131 178 1
133 178 1
134 178 1
136 178 1
140 178 1
141 178 1
143 178 1
149 178 1
161 178 1
166 178 1
169 178 1
170 178 1
12 179 1
14 179 1
19 179 1
24 179 1
32 179 1
39 179 1
51 179 1
52 179 1
54 179 1
57 179 1
58 179 1
64 179 1
69 179 1
70 179 1
72 179 1
73 179 1
86 179 1
88 179 1
89 179 1
95 179 1
96 179 1
102 179 1
105 179 1
114 179 1
123 179 1
131 179 1
132 179 1
136 179 1
140 179 1
150 179 1
151 179 1
152 179 1
160 179 1
173 179 1
177 179 1
3 180 1
5 180 1
6 180 1
9 180 1
10 180 1
11 180 1
21 180 1
22 180 1
24 180 1
26 180 1
35 180 1
37 180 1
38 180 1
40 180 1
41 180 1
42 180 1
47 180 1
51 180 1
67 180 1
72 180 1
74 180 1
81 180 1
82 180 1
83 180 1
85 180 1
88 180 1
92 180 1
95 180 1
98 180 1
99 180 1
107 180 1
111 180 1
115 180 1
119 180 1
126 180 1
128 180 1
129 180 1
130 180 1
132 180 1
134 180 1
135 180 1
137 180 1
142 180 1
143 180 1
145 180 1
155 180 1
159 180 1
170 180 1
176 180 1
2 181 1
7 181 1
9 181 1
10 181 1
20 181 1
21 181 1
22 181 1
23 181 1
25 181 1
28 181 1
30 181 1
32 181 1
35 181 1
41 181 1
47 181 1
53 181 1
57 181 1
58 181 1
62 181 1
64 181 1
73 181 1
77 181 1
78 181 1
81 181 1
82 181 1
86 181 1
91 181 1
99 181 1
101 181 1
108 181 1
109 181 1
112 181 1
114 181 1
120 181 1
131 181 1
134 181 1
136 181 1
140 181 1
144 181 1
158 181 1
159 181 1
163 181 1
164 181 1
169 181 1
173 181 1
176 181 1
179 181 1
3 182 1
4 182 1
13 182 1
18 182 1
22 182 1
25 182 1
45 182 1
55 182 1
57 182 1
61 182 1
63 182 1
71 182 1
72 182 1
74 182 1
83 182 1
84 182 1
88 182 1
92 182 1
95 182 1
101 182 1
103 182 1
112 182 1
115 182 1
117 182 1
123 182 1
126 182 1
128 182 1
135 182 1
139 182 1
141 182 1
145 182 1
147 182 1
150 182 1
151 182 1
152 182 1
156 182 1
158 182 1
162 182 1
167 182 1
168 182 1
169 182 1
170 182 1
171 182 1
175 182 1
179 182 1
180 182 1
6 183 1
9 183 1
10 183 1
16 183 1
26 183 1
27 183 1
29 183 1
33 183 1
37 183 1
40 183 1
42 183 1
43 183 1
48 183 1
49 183 1
51 183 1
53 183 1
57 183 1
59 183 1
67 183 1
85 183 1
87 183 1
93 183 1
94 183 1
95 183 1
100 183 1
102 183 1
108 183 1
112 183 1
120 183 1
131 183 1
134 183 1
140 183 1
142 183 1
143 183 1
144 183 1
145 183 1
146 183 1
148 183 1
149 183 1
150 183 1
153 183 1
156 183 1
159 183 1
165 183 1
168 183 1
171 183 1
173 183 1
176 183 1
178 183 1
181 183 1
2 184 1
3 184 1
5 184 1
7 184 1
10 184 1
17 184 1
19 184 1
20 184 1
50 184 1
59 184 1
60 184 1
62 184 1
67 184 1
68 184 1
69 184 1
70 184 1
73 184 1
74 184 1
75 184 1
80 184 1
85 184 1
89 184 1
100 184 1
102 184 1
105 184 1
107 184 1
110 184 1
115 184 1
123 184 1
125 184 1
129 184 1
133 184 1
138 184 1
140 184 1
141 184 1
144 184 1
148 184 1
149 184 1
150 184 1
154 184 1
156 184 1
157 184 1
167 184 1
169 184 1
170 184 1
173 184 1
181 184 1
6 185 1
8 185 1
9 185 1
11 185 1
13 185 1
22 185 1
23 185 1
24 185 1
30 185 1
32 185 1
35 185 1
36 185 1
42 185 1
45 185 1
47 185 1
48 185 1
50 185 1
51 185 1
64 185 1
65 185 1
74 185 1
75 185 1
79 185 1
84 185 1
85 185 1
88 185 1
97 185 1
100 185 1
104 185 1
105 185 1
110 185 1
111 185 1
115 185 1
122 185 1
123 185 1
126 185 1
130 185 1
131 185 1
140 185 1
143 185 1
145 185 1
147 185 1
150 185 1
152 185 1
153 185 1
155 185 1
159 185 1
160 185 1
162 185 1
164 185 1
165 185 1
167 185 1
174 185 1
176 185 1
177 185 1
182 185 1
183 185 1
6 186 1
8 186 1
9 186 1
12 186 1
15 186 1
16 186 1
22 186 1
24 186 1
28 186 1
33 186 1
37 186 1
44 186 1
45 186 1
48 186 1
51 186 1
58 186 1
73 186 1
75 186 1
76 186 1
83 186 1
84 186 1
87 186 1
88 186 1
89 186 1
90 186 1
94 186 1
96 186 1
98 186 1
101 186 1
103 186 1
105 186 1
106 186 1
107 186 1
111 186 1
118 186 1
119 186 1
124 186 1
125 186 1
126 186 1
134 186 1
137 186 1
146 186 1
147 186 1
148 186 1
149 186 1
157 186 1
158 186 1
169 186 1
171 186 1
172 186 1
176 186 1
180 186 1
181 186 1
3 187 1
9 187 1
11 187 1
16 187 1
28 187 1
29 187 1
31 187 1
36 187 1
45 187 1
49 187 1
57 187 1
61 187 1
63 187 1
64 187 1
72 187 1
75 187 1
76 187 1
78 187 1
80 187 1
83 187 1
87 187 1
97 187 1
98 187 1
99 187 1
100 187 1
101 187 1
102 187 1
104 187 1
107 187 1
113 187 1
121 187 1
125 187 1
141 187 1
153 187 1
158 187 1
161 187 1
163 187 1
166 187 1
170 187 1
180 187 1
182 187 1
185 187 1
186 187 1
2 188 1
3 188 1
8 188 1
9 188 1
11 188 1
17 188 1
21 188 1
27 188 1
28 188 1
30 188 1
31 188 1
34 188 1
35 188 1
37 188 1
38 188 1
39 188 1
44 188 1
48 188 1
49 188 1
58 188 1
64 188 1
65 188 1
67 188 1
72 188 1
74 188 1
77 188 1
79 188 1
80 188 1
81 188 1
84 188 1
86 188 1
87 188 1
90 188 1
99 188 1
100 188 1
107 188 1
112 188 1
130 188 1
133 188 1
138 188 1
139 188 1
140 188 1
142 188 1
143 188 1
146 188 1
147 188 1
148 188 1
153 188 1
155 188 1
158 188 1
160 188 1
161 188 1
169 188 1
172 188 1
173 188 1
174 188 1
175 188 1
177 188 1
181 188 1
184 188 1
2 189 1
4 189 1
15 189 1
21 189 1
29 189 1
31 189 1
33 189 1
40 189 1
44 189 1
51 189 1
53 189 1
58 189 1
60 189 1
66 189 1
72 189 1
73 189 1
75 189 1
81 189 1
82 189 1
83 189 1
84 189 1
90 189 1
100 189 1
101 189 1
105 189 1
106 189 1
108 189 1
112 189 1
115 189 1
116 189 1
129 189 1
135 189 1
137 189 1
141 189 1
144 189 1
147 189 1
150 189 1
151 189 1
152 189 1
165 189 1
167 189 1
169 189 1
175 189 1
176 189 1
181 189 1
183 189 1
188 189 1
4 190 1
5 190 1
8 190 1
13 190 1
17 190 1
23 190 1
24 190 1
30 190 1
33 190 1
34 190 1
37 190 1
38 190 1
43 190 1
46 190 1
49 190 1
56 190 1
61 190 1
64 190 1
68 190 1
69 190 1
74 190 1
75 190 1
76 190 1
81 190 1
83 190 1
84 190 1
86 190 1
95 190 1
97 190 1
99 190 1
100 190 1
102 190 1
105 190 1
109 190 1
111 190 1
116 190 1
117 190 1
119 190 1
124 190 1
128 190 1
140 190 1
153 190 1
161 190 1
162 190 1
163 190 1
168 190 1
170 190 1
171 190 1
172 190 1
175 190 1
177 190 1
180 190 1
186 190 1
8 191 1
21 191 1
23 191 1
24 191 1
28 191 1
33 191 1
35 191 1
36 191 1
42 191 1
47 191 1
51 191 1
54 191 1
55 191 1
61 191 1
62 191 1
69 191 1
79 191 1
87 191 1
92 191 1
96 191 1
100 191 1
101 191 1
102 191 1
107 191 1
109 191 1
110 191 1
116 191 1
117 191 1
120 191 1
124 191 1
130 191 1
139 191 1
140 191 1
145 191 1
150 191 1
163 191 1
168 191 1
169 191 1
170 191 1
178 191 1
179 191 1
185 191 1
186 191 1
3 192 1
6 192 1
13 192 1
18 192 1
19 192 1
23 192 1
24 192 1
25 192 1
30 192 1
34 192 1
35 192 1
36 192 1
40 192 1
44 192 1
52 192 1
58 192 1
60 192 1
61 192 1
64 192 1
65 192 1
69 192 1
70 192 1
75 192 1
76 192 1
79 192 1
80 192 1
82 192 1
86 192 1
87 192 1
93 192 1
94 192 1
97 192 1
101 192 1
106 192 1
108 192 1
118 192 1
121 192 1
130 192 1
136 192 1
138 192 1
140 192 1
144 192 1
145 192 1
147 192 1
150 192 1
154 192 1
155 192 1
160 192 1
165 192 1
167 192 1
175 192 1
176 192 1
181 192 1
183 192 1
184 192 1
187 192 1
189 192 1
6 193 1
7 193 1
12 193 1
13 193 1
14 193 1
16 193 1
19 193 1
21 193 1
24 193 1
29 193 1
42 193 1
43 193 1
44 193 1
48 193 1
50 193 1
53 193 1
56 193 1
57 193 1
58 193 1
60 193 1
62 193 1
64 193 1
68 193 1
69 193 1
70 193 1
75 193 1
77 193 1
78 193 1
79 193 1
84 193 1
88 193 1
93 193 1
94 193 1
97 193 1
101 193 1
103 193 1
109 193 1
119 193 1
121 193 1
123 193 1
126 193 1
127 193 1
130 193 1
136 193 1
137 193 1
139 193 1
140 193 1
142 193 1
144 193 1
149 193 1
150 193 1
152 193 1
155 193 1
160 193 1
176 193 1
185 193 1
188 193 1
191 193 1
6 194 1
9 194 1
27 194 1
29 194 1
32 194 1
38 194 1
39 194 1
42 194 1
45 194 1
47 194 1
49 194 1
50 194 1
51 194 1
52 194 1
57 194 1
58 194 1
65 194 1
68 194 1
75 194 1
76 194 1
79 194 1
87 194 1
108 194 1
117 194 1
118 194 1
122 194 1
127 194 1
128 194 1
130 194 1
143 194 1
144 194 1
147 194 1
148 194 1
151 194 1
153 194 1
154 194 1
155 194 1
156 194 1
160 194 1
162 194 1
169 194 1
171 194 1
172 194 1
175 194 1
177 194 1
179 194 1
182 194 1
183 194 1
6 195 1
7 195 1
8 195 1
11 195 1
19 195 1
23 195 1
25 195 1
39 195 1
49 195 1
55 195 1
58 195 1
60 195 1
71 195 1
76 195 1
77 195 1
85 195 1
88 195 1
92 195 1
97 195 1
105 195 1
106 195 1
108 195 1
114 195 1
120 195 1
122 195 1
123 195 1
124 195 1
125 195 1
130 195 1
131 195 1
133 195 1
136 195 1
138 195 1
147 195 1
158 195 1
163 195 1
164 195 1
167 195 1
172 195 1
173 195 1
175 195 1
178 195 1
189 195 1
193 195 1
194 195 1
1 196 1
4 196 1
11 196 1
13 196 1
14 196 1
17 196 1
24 196 1
28 196 1
33 196 1
34 196 1
35 196 1
38 196 1
40 196 1
45 196 1
47 196 1
56 196 1
57 196 1
59 196 1
60 196 1
65 196 1
68 196 1
73 196 1
74 196 1
76 196 1
82 196 1
94 196 1
95 196 1
98 196 1
108 196 1
109 196 1
116 196 1
117 196 1
121 196 1
127 196 1
129 196 1
133 196 1
136 196 1
142 196 1
143 196 1
144 196 1
145 196 1
146 196 1
147 196 1
154 196 1
157 196 1
159 196 1
162 196 1
167 196 1
170 196 1
173 196 1
175 196 1
176 196 1
180 196 1
185 196 1
5 197 1
6 197 1
8 197 1
9 197 1
11 197 1
16 197 1
21 197 1
22 197 1
26 197 1
27 197 1
33 197 1
34 197 1
37 197 1
39 197 1
46 197 1
51 197 1
56 197 1
66 197 1
67 197 1
68 197 1
69 197 1
73 197 1
76 197 1
77 197 1
79 197 1
83 197 1
84 197 1
89 197 1
102 197 1
112 197 1
115 197 1
119 197 1
120 197 1
128 197 1
131 197 1
133 197 1
134 197 1
139 197 1
141 197 1
144 197 1
147 197 1
148 197 1
158 197 1
162 197 1
164 197 1
166 197 1
170 197 1
171 197 1
177 197 1
178 197 1
181 197 1
182 197 1
187 197 1
190 197 1
192 197 1
193 197 1
196 197 1
3 198 1
8 198 1
11 198 1
12 198 1
16 198 1
18 198 1
20 198 1
22 198 1
27 198 1
28 198 1
29 198 1
32 198 1
37 198 1
41 198 1
45 198 1
47 198 1
48 198 1
57 198 1
58 198 1
65 198 1
67 198 1
70 198 1
80 198 1
86 198 1
91 198 1
93 198 1
106 198 1
110 198 1
112 198 1
113 198 1
119 198 1
120 198 1
122 198 1
126 198 1
133 198 1
137 198 1
138 198 1
148 198 1
151 198 1
154 198 1
159 198 1
162 198 1
175 198 1
177 198 1
179 198 1
180 198 1
186 198 1
188 198 1
1 199 1
8 199 1
10 199 1
11 199 1
12 199 1
16 199 1
26 199 1
27 199 1
28 199 1
34 199 1
39 199 1
42 199 1
43 199 1
48 199 1
51 199 1
53 199 1
55 199 1
56 199 1
57 199 1
58 199 1
64 199 1
68 199 1
71 199 1
73 199 1
82 199 1
90 199 1
91 199 1
92 199 1
94 199 1
102 199 1
103 199 1
106 199 1
110 199 1
112 199 1
122 199 1
132 199 1
133 199 1
136 199 1
139 199 1
141 199 1
154 199 1
157 199 1
162 199 1
168 199 1
169 199 1
178 199 1
180 199 1
183 199 1
185 199 1
190 199 1
192 199 1
193 199 1
197 199 1
5 200 1
7 200 1
9 200 1
12 200 1
18 200 1
19 200 1
23 200 1
27 200 1
28 200 1
29 200 1
31 200 1
33 200 1
42 200 1
44 200 1
46 200 1
52 200 1
56 200 1
58 200 1
67 200 1
68 200 1
74 200 1
78 200 1
83 200 1
86 200 1
88 200 1
90 200 1
91 200 1
95 200 1
99 200 1
100 200 1
104 200 1
106 200 1
107 200 1
115 200 1
117 200 1
129 200 1
139 200 1
152 200 1
153 200 1
159 200 1
162 200 1
164 200 1
166 200 1
168 200 1
169 200 1
172 200 1
173 200 1
177 200 1
179 200 1
183 200 1
192 200 1
194 200 1
195 200 1
