200 7851
1 3 1
2 4 1
1 5 1
3 5 1
1 6 1
3 6 1
5 6 1
3 7 1
4 8 1
7 8 1
2 9 1
4 9 1
5 9 1
7 9 1
8 9 1
2 10 1
4 10 1
5 10 1
1 11 1
3 11 1
5 11 1
6 11 1
9 11 1
3 12 1
4 12 1
5 12 1
8 12 1
10 12 1
11 12 1
1 13 1
2 13 1
6 13 1
7 13 1
10 13 1
11 13 1
4 14 1
6 14 1
7 14 1
9 14 1
10 14 1
11 14 1
12 14 1
13 14 1
1 15 1
6 15 1
7 15 1
10 15 1
2 16 1
8 16 1
9 16 1
12 16 1
2 17 1
3 17 1
6 17 1
7 17 1
8 17 1
9 17 1
13 17 1
16 17 1
10 18 1
12 18 1
15 18 1
16 18 1
2 19 1
4 19 1
6 19 1
7 19 1
9 19 1
10 19 1
11 19 1
2 20 1
3 20 1
4 20 1
5 20 1
8 20 1
12 20 1
14 20 1
16 20 1
17 20 1
19 20 1
1 21 1
8 21 1
13 21 1
14 21 1
17 21 1
18 21 1
19 21 1
1 22 1
2 22 1
6 22 1
8 22 1
13 22 1
16 22 1
17 22 1
21 22 1
4 23 1
5 23 1
8 23 1
10 23 1
11 23 1
12 23 1
14 23 1
16 23 1
18 23 1
20 23 1
8 24 1
10 24 1
11 24 1
12 24 1
13 24 1
14 24 1
15 24 1
18 24 1
19 24 1
20 24 1
21 24 1
22 24 1
2 25 1
3 25 1
5 25 1
8 25 1
9 25 1
17 25 1
18 25 1
19 25 1
21 25 1
23 25 1
2 26 1
3 26 1
4 26 1
9 26 1
12 26 1
13 26 1
14 26 1
17 26 1
20 26 1
24 26 1
25 26 1
1 27 1
2 27 1
7 27 1
9 27 1
11 27 1
12 27 1
14 27 1
20 27 1
23 27 1
24 27 1
1 28 1
2 28 1
3 28 1
6 28 1
8 28 1
11 28 1
16 28 1
19 28 1
23 28 1
27 28 1
1 29 1
2 29 1
3 29 1
5 29 1
7 29 1
9 29 1
10 29 1
11 29 1
12 29 1
16 29 1
18 29 1
19 29 1
26 29 1
3 30 1
6 30 1
15 30 1
16 30 1
17 30 1
18 30 1
21 30 1
23 30 1
25 30 1
27 30 1
1 31 1
3 31 1
6 31 1
7 31 1
10 31 1
11 31 1
12 31 1
16 31 1
18 31 1
19 31 1
21 31 1
25 31 1
27 31 1
29 31 1
4 32 1
5 32 1
6 32 1
7 32 1
9 32 1
12 32 1
18 32 1
23 32 1
24 32 1
26 32 1
29 32 1
1 33 1
6 33 1
8 33 1
10 33 1
12 33 1
14 33 1
15 33 1
19 33 1
22 33 1
31 33 1
1 34 1
6 34 1
9 34 1
14 34 1
16 34 1
18 34 1
22 34 1
23 34 1
2 35 1
6 35 1
9 35 1
10 35 1
11 35 1
13 35 1
14 35 1
18 35 1
23 35 1
29 35 1
33 35 1
34 35 1
1 36 1
2 36 1
5 36 1
6 36 1
11 36 1
16 36 1
18 36 1
19 36 1
21 36 1
23 36 1
26 36 1
27 36 1
28 36 1
29 36 1
32 36 1
33 36 1
34 36 1
35 36 1
1 37 1
2 37 1
3 37 1
4 37 1
6 37 1
7 37 1
8 37 1
10 37 1
12 37 1
15 37 1
16 37 1
18 37 1
19 37 1
24 37 1
26 37 1
28 37 1
30 37 1
31 37 1
33 37 1
34 37 1
36 37 1
2 38 1
4 38 1
8 38 1
10 38 1
11 38 1
16 38 1
20 38 1
22 38 1
26 38 1
28 38 1
29 38 1
33 38 1
1 39 1
2 39 1
3 39 1
4 39 1
6 39 1
7 39 1
13 39 1
19 39 1
21 39 1
22 39 1
26 39 1
31 39 1
34 39 1
35 39 1
36 39 1
1 40 1
2 40 1
3 40 1
4 40 1
12 40 1
15 40 1
16 40 1
18 40 1
19 40 1
20 40 1
23 40 1
24 40 1
27 40 1
29 40 1
30 40 1
34 40 1
36 40 1
1 41 1
7 41 1
8 41 1
9 41 1
11 41 1
12 41 1
15 41 1
16 41 1
19 41 1
20 41 1
23 41 1
26 41 1
32 41 1
34 41 1
36 41 1
37 41 1
38 41 1
39 41 1
1 42 1
3 42 1
4 42 1
5 42 1
6 42 1
9 42 1
10 42 1
11 42 1
12 42 1
16 42 1
18 42 1
24 42 1
25 42 1
29 42 1
30 42 1
32 42 1
36 42 1
37 42 1
38 42 1
40 42 1
41 42 1
3 43 1
15 43 1
16 43 1
18 43 1
20 43 1
23 43 1
27 43 1
30 43 1
33 43 1
38 43 1
39 43 1
40 43 1
42 43 1
2 44 1
5 44 1
6 44 1
11 44 1
19 44 1
20 44 1
21 44 1
23 44 1
24 44 1
27 44 1
28 44 1
32 44 1
35 44 1
36 44 1
40 44 1
41 44 1
42 44 1
3 45 1
7 45 1
9 45 1
14 45 1
18 45 1
20 45 1
22 45 1
25 45 1
26 45 1
27 45 1
28 45 1
29 45 1
30 45 1
34 45 1
38 45 1
40 45 1
41 45 1
42 45 1
4 46 1
7 46 1
9 46 1
11 46 1
15 46 1
16 46 1
27 46 1
29 46 1
30 46 1
32 46 1
35 46 1
37 46 1
38 46 1
39 46 1
40 46 1
41 46 1
45 46 1
2 47 1
6 47 1
7 47 1
8 47 1
11 47 1
12 47 1
13 47 1
16 47 1
17 47 1
19 47 1
21 47 1
24 47 1
25 47 1
27 47 1
36 47 1
37 47 1
38 47 1
41 47 1
42 47 1
43 47 1
5 48 1
8 48 1
10 48 1
12 48 1
16 48 1
17 48 1
20 48 1
21 48 1
23 48 1
25 48 1
30 48 1
33 48 1
40 48 1
42 48 1
43 48 1
44 48 1
45 48 1
3 49 1
5 49 1
6 49 1
8 49 1
11 49 1
13 49 1
14 49 1
15 49 1
16 49 1
18 49 1
19 49 1
20 49 1
22 49 1
25 49 1
26 49 1
27 49 1
29 49 1
31 49 1
33 49 1
35 49 1
43 49 1
47 49 1
2 50 1
4 50 1
6 50 1
11 50 1
14 50 1
15 50 1
19 50 1
21 50 1
24 50 1
27 50 1
31 50 1
32 50 1
33 50 1
35 50 1
38 50 1
40 50 1
42 50 1
43 50 1
46 50 1
48 50 1
2 51 1
3 51 1
7 51 1
8 51 1
11 51 1
12 51 1
16 51 1
24 51 1
25 51 1
27 51 1
30 51 1
32 51 1
33 51 1
36 51 1
37 51 1
41 51 1
42 51 1
43 51 1
44 51 1
46 51 1
47 51 1
48 51 1
4 52 1
5 52 1
7 52 1
8 52 1
9 52 1
14 52 1
15 52 1
18 52 1
19 52 1
22 52 1
25 52 1
32 52 1
36 52 1
37 52 1
40 52 1
43 52 1
45 52 1
6 53 1
10 53 1
11 53 1
13 53 1
15 53 1
16 53 1
18 53 1
21 53 1
22 53 1
26 53 1
31 53 1
35 53 1
39 53 1
43 53 1
44 53 1
48 53 1
51 53 1
52 53 1
2 54 1
6 54 1
11 54 1
17 54 1
19 54 1
20 54 1
21 54 1
22 54 1
23 54 1
26 54 1
27 54 1
29 54 1
30 54 1
31 54 1
32 54 1
34 54 1
37 54 1
38 54 1
41 54 1
43 54 1
44 54 1
45 54 1
46 54 1
51 54 1
1 55 1
4 55 1
9 55 1
11 55 1
12 55 1
14 55 1
17 55 1
20 55 1
21 55 1
24 55 1
25 55 1
26 55 1
27 55 1
32 55 1
34 55 1
35 55 1
36 55 1
39 55 1
40 55 1
42 55 1
43 55 1
48 55 1
50 55 1
1 56 1
2 56 1
4 56 1
6 56 1
8 56 1
10 56 1
12 56 1
13 56 1
17 56 1
18 56 1
19 56 1
22 56 1
27 56 1
30 56 1
31 56 1
33 56 1
34 56 1
37 56 1
38 56 1
41 56 1
42 56 1
45 56 1
46 56 1
48 56 1
52 56 1
3 57 1
8 57 1
9 57 1
15 57 1
19 57 1
22 57 1
23 57 1
25 57 1
28 57 1
31 57 1
34 57 1
39 57 1
42 57 1
44 57 1
45 57 1
48 57 1
50 57 1
51 57 1
52 57 1
55 57 1
1 58 1
4 58 1
5 58 1
7 58 1
10 58 1
13 58 1
17 58 1
18 58 1
20 58 1
25 58 1
26 58 1
39 58 1
44 58 1
45 58 1
46 58 1
47 58 1
53 58 1
54 58 1
55 58 1
56 58 1
4 59 1
7 59 1
9 59 1
10 59 1
12 59 1
14 59 1
15 59 1
18 59 1
19 59 1
20 59 1
21 59 1
25 59 1
28 59 1
30 59 1
35 59 1
36 59 1
39 59 1
40 59 1
41 59 1
42 59 1
43 59 1
48 59 1
49 59 1
50 59 1
51 59 1
52 59 1
56 59 1
1 60 1
7 60 1
11 60 1
12 60 1
15 60 1
21 60 1
22 60 1
25 60 1
26 60 1
28 60 1
29 60 1
31 60 1
33 60 1
34 60 1
39 60 1
42 60 1
45 60 1
46 60 1
47 60 1
54 60 1
6 61 1
8 61 1
14 61 1
17 61 1
20 61 1
23 61 1
25 61 1
27 61 1
31 61 1
32 61 1
38 61 1
42 61 1
45 61 1
46 61 1
48 61 1
50 61 1
54 61 1
56 61 1
2 62 1
3 62 1
5 62 1
7 62 1
8 62 1
12 62 1
13 62 1
16 62 1
18 62 1
22 62 1
24 62 1
28 62 1
34 62 1
36 62 1
40 62 1
43 62 1
46 62 1
48 62 1
50 62 1
53 62 1
55 62 1
61 62 1
3 63 1
5 63 1
6 63 1
10 63 1
14 63 1
18 63 1
19 63 1
27 63 1
28 63 1
29 63 1
30 63 1
32 63 1
34 63 1
37 63 1
39 63 1
46 63 1
47 63 1
51 63 1
55 63 1
56 63 1
58 63 1
59 63 1
60 63 1
61 63 1
3 64 1
4 64 1
5 64 1
10 64 1
11 64 1
12 64 1
15 64 1
20 64 1
21 64 1
22 64 1
23 64 1
30 64 1
32 64 1
34 64 1
37 64 1
41 64 1
43 64 1
44 64 1
45 64 1
46 64 1
47 64 1
48 64 1
52 64 1
54 64 1
55 64 1
56 64 1
58 64 1
61 64 1
62 64 1
1 65 1
3 65 1
6 65 1
8 65 1
9 65 1
12 65 1
14 65 1
16 65 1
18 65 1
19 65 1
21 65 1
22 65 1
24 65 1
25 65 1
31 65 1
32 65 1
38 65 1
39 65 1
40 65 1
42 65 1
44 65 1
45 65 1
46 65 1
48 65 1
50 65 1
51 65 1
52 65 1
53 65 1
55 65 1
62 65 1
63 65 1
1 66 1
2 66 1
3 66 1
4 66 1
7 66 1
10 66 1
13 66 1
14 66 1
17 66 1
20 66 1
26 66 1
28 66 1
29 66 1
35 66 1
36 66 1
37 66 1
38 66 1
39 66 1
44 66 1
46 66 1
48 66 1
49 66 1
51 66 1
53 66 1
55 66 1
60 66 1
61 66 1
1 67 1
3 67 1
4 67 1
11 67 1
15 67 1
16 67 1
19 67 1
22 67 1
25 67 1
26 67 1
28 67 1
29 67 1
30 67 1
31 67 1
33 67 1
37 67 1
42 67 1
44 67 1
45 67 1
49 67 1
50 67 1
52 67 1
58 67 1
61 67 1
2 68 1
4 68 1
5 68 1
7 68 1
10 68 1
12 68 1
18 68 1
19 68 1
22 68 1
26 68 1
27 68 1
32 68 1
33 68 1
36 68 1
37 68 1
40 68 1
43 68 1
47 68 1
48 68 1
50 68 1
51 68 1
52 68 1
53 68 1
55 68 1
60 68 1
63 68 1
65 68 1
66 68 1
67 68 1
1 69 1
3 69 1
6 69 1
7 69 1
8 69 1
13 69 1
14 69 1
18 69 1
24 69 1
26 69 1
27 69 1
31 69 1
32 69 1
35 69 1
37 69 1
38 69 1
42 69 1
45 69 1
46 69 1
47 69 1
51 69 1
53 69 1
54 69 1
56 69 1
65 69 1
68 69 1
2 70 1
3 70 1
5 70 1
10 70 1
11 70 1
12 70 1
13 70 1
15 70 1
16 70 1
25 70 1
26 70 1
27 70 1
29 70 1
30 70 1
31 70 1
32 70 1
36 70 1
42 70 1
44 70 1
46 70 1
47 70 1
49 70 1
50 70 1
57 70 1
61 70 1
69 70 1
2 71 1
3 71 1
9 71 1
10 71 1
11 71 1
13 71 1
14 71 1
17 71 1
18 71 1
19 71 1
20 71 1
22 71 1
26 71 1
28 71 1
30 71 1
31 71 1
32 71 1
34 71 1
38 71 1
40 71 1
46 71 1
47 71 1
49 71 1
50 71 1
51 71 1
52 71 1
53 71 1
54 71 1
55 71 1
56 71 1
61 71 1
62 71 1
63 71 1
66 71 1
70 71 1
1 72 1
6 72 1
8 72 1
14 72 1
15 72 1
25 72 1
27 72 1
29 72 1
34 72 1
36 72 1
39 72 1
42 72 1
43 72 1
46 72 1
48 72 1
53 72 1
54 72 1
58 72 1
60 72 1
61 72 1
62 72 1
63 72 1
66 72 1
67 72 1
70 72 1
71 72 1
1 73 1
2 73 1
4 73 1
7 73 1
9 73 1
10 73 1
12 73 1
13 73 1
18 73 1
19 73 1
23 73 1
25 73 1
30 73 1
37 73 1
40 73 1
41 73 1
46 73 1
47 73 1
52 73 1
55 73 1
60 73 1
61 73 1
63 73 1
66 73 1
67 73 1
69 73 1
71 73 1
72 73 1
4 74 1
14 74 1
16 74 1
20 74 1
22 74 1
24 74 1
25 74 1
26 74 1
28 74 1
33 74 1
36 74 1
39 74 1
48 74 1
49 74 1
51 74 1
52 74 1
53 74 1
58 74 1
60 74 1
63 74 1
66 74 1
73 74 1
1 75 1
2 75 1
3 75 1
4 75 1
16 75 1
20 75 1
21 75 1
22 75 1
24 75 1
27 75 1
34 75 1
36 75 1
39 75 1
41 75 1
44 75 1
45 75 1
49 75 1
51 75 1
55 75 1
56 75 1
59 75 1
60 75 1
61 75 1
62 75 1
63 75 1
69 75 1
72 75 1
73 75 1
74 75 1
5 76 1
6 76 1
7 76 1
8 76 1
11 76 1
14 76 1
18 76 1
21 76 1
22 76 1
25 76 1
28 76 1
32 76 1
36 76 1
41 76 1
45 76 1
49 76 1
50 76 1
51 76 1
52 76 1
53 76 1
54 76 1
55 76 1
58 76 1
60 76 1
62 76 1
67 76 1
69 76 1
74 76 1
1 77 1
2 77 1
5 77 1
7 77 1
8 77 1
9 77 1
10 77 1
18 77 1
20 77 1
24 77 1
27 77 1
29 77 1
30 77 1
32 77 1
34 77 1
37 77 1
38 77 1
40 77 1
42 77 1
44 77 1
45 77 1
50 77 1
60 77 1
64 77 1
65 77 1
66 77 1
67 77 1
69 77 1
71 77 1
75 77 1
76 77 1
6 78 1
9 78 1
10 78 1
13 78 1
14 78 1
16 78 1
19 78 1
23 78 1
26 78 1
28 78 1
30 78 1
31 78 1
32 78 1
33 78 1
35 78 1
37 78 1
39 78 1
46 78 1
48 78 1
51 78 1
53 78 1
57 78 1
59 78 1
65 78 1
66 78 1
67 78 1
68 78 1
69 78 1
70 78 1
72 78 1
77 78 1
2 79 1
6 79 1
9 79 1
13 79 1
14 79 1
15 79 1
16 79 1
17 79 1
18 79 1
19 79 1
20 79 1
21 79 1
25 79 1
27 79 1
28 79 1
29 79 1
34 79 1
35 79 1
37 79 1
39 79 1
43 79 1
44 79 1
45 79 1
48 79 1
50 79 1
51 79 1
53 79 1
57 79 1
64 79 1
72 79 1
74 79 1
76 79 1
2 80 1
5 80 1
9 80 1
10 80 1
13 80 1
18 80 1
19 80 1
23 80 1
24 80 1
25 80 1
28 80 1
30 80 1
31 80 1
33 80 1
34 80 1
37 80 1
39 80 1
41 80 1
42 80 1
43 80 1
44 80 1
45 80 1
48 80 1
50 80 1
52 80 1
54 80 1
55 80 1
56 80 1
60 80 1
62 80 1
63 80 1
65 80 1
66 80 1
71 80 1
75 80 1
79 80 1
1 81 1
3 81 1
4 81 1
5 81 1
7 81 1
9 81 1
12 81 1
13 81 1
14 81 1
15 81 1
18 81 1
20 81 1
21 81 1
22 81 1
23 81 1
24 81 1
25 81 1
26 81 1
29 81 1
32 81 1
33 81 1
35 81 1
39 81 1
40 81 1
42 81 1
44 81 1
47 81 1
48 81 1
50 81 1
52 81 1
54 81 1
59 81 1
60 81 1
61 81 1
66 81 1
74 81 1
77 81 1
78 81 1
80 81 1
6 82 1
10 82 1
11 82 1
12 82 1
17 82 1
18 82 1
20 82 1
26 82 1
35 82 1
39 82 1
41 82 1
42 82 1
43 82 1
44 82 1
53 82 1
58 82 1
62 82 1
65 82 1
68 82 1
73 82 1
75 82 1
80 82 1
81 82 1
1 83 1
2 83 1
3 83 1
8 83 1
11 83 1
13 83 1
17 83 1
18 83 1
22 83 1
24 83 1
28 83 1
31 83 1
34 83 1
41 83 1
42 83 1
43 83 1
47 83 1
49 83 1
50 83 1
52 83 1
53 83 1
57 83 1
59 83 1
61 83 1
62 83 1
63 83 1
67 83 1
69 83 1
70 83 1
73 83 1
77 83 1
78 83 1
79 83 1
1 84 1
6 84 1
9 84 1
11 84 1
15 84 1
16 84 1
18 84 1
19 84 1
20 84 1
25 84 1
26 84 1
27 84 1
31 84 1
32 84 1
35 84 1
38 84 1
40 84 1
50 84 1
51 84 1
52 84 1
53 84 1
55 84 1
56 84 1
59 84 1
62 84 1
65 84 1
69 84 1
71 84 1
72 84 1
78 84 1
79 84 1
82 84 1
83 84 1
1 85 1
9 85 1
14 85 1
17 85 1
22 85 1
27 85 1
28 85 1
30 85 1
32 85 1
34 85 1
36 85 1
37 85 1
38 85 1
40 85 1
41 85 1
42 85 1
44 85 1
46 85 1
51 85 1
52 85 1
55 85 1
57 85 1
60 85 1
62 85 1
64 85 1
65 85 1
66 85 1
67 85 1
68 85 1
71 85 1
74 85 1
75 85 1
78 85 1
79 85 1
80 85 1
82 85 1
83 85 1
84 85 1
5 86 1
7 86 1
8 86 1
11 86 1
16 86 1
19 86 1
22 86 1
24 86 1
25 86 1
28 86 1
30 86 1
31 86 1
36 86 1
38 86 1
41 86 1
42 86 1
43 86 1
44 86 1
45 86 1
50 86 1
53 86 1
56 86 1
59 86 1
60 86 1
61 86 1
63 86 1
67 86 1
68 86 1
69 86 1
70 86 1
71 86 1
76 86 1
77 86 1
78 86 1
80 86 1
2 87 1
4 87 1
5 87 1
6 87 1
8 87 1
11 87 1
12 87 1
13 87 1
16 87 1
19 87 1
21 87 1
22 87 1
29 87 1
32 87 1
38 87 1
45 87 1
46 87 1
47 87 1
50 87 1
56 87 1
64 87 1
65 87 1
66 87 1
67 87 1
70 87 1
71 87 1
73 87 1
78 87 1
6 88 1
13 88 1
14 88 1
16 88 1
17 88 1
20 88 1
22 88 1
26 88 1
27 88 1
28 88 1
30 88 1
31 88 1
32 88 1
37 88 1
44 88 1
46 88 1
48 88 1
53 88 1
54 88 1
56 88 1
58 88 1
63 88 1
65 88 1
66 88 1
81 88 1
82 88 1
83 88 1
86 88 1
1 89 1
2 89 1
9 89 1
10 89 1
12 89 1
14 89 1
15 89 1
17 89 1
18 89 1
22 89 1
25 89 1
29 89 1
30 89 1
33 89 1
37 89 1
49 89 1
52 89 1
53 89 1
54 89 1
59 89 1
62 89 1
64 89 1
66 89 1
68 89 1
72 89 1
74 89 1
82 89 1
83 89 1
86 89 1
2 90 1
3 90 1
5 90 1
6 90 1
11 90 1
17 90 1
18 90 1
19 90 1
21 90 1
22 90 1
33 90 1
34 90 1
36 90 1
37 90 1
38 90 1
41 90 1
42 90 1
43 90 1
44 90 1
45 90 1
48 90 1
50 90 1
52 90 1
53 90 1
59 90 1
62 90 1
67 90 1
68 90 1
72 90 1
74 90 1
77 90 1
84 90 1
87 90 1
88 90 1
1 91 1
2 91 1
3 91 1
4 91 1
10 91 1
11 91 1
15 91 1
16 91 1
18 91 1
21 91 1
22 91 1
24 91 1
25 91 1
33 91 1
34 91 1
35 91 1
39 91 1
41 91 1
42 91 1
44 91 1
46 91 1
48 91 1
50 91 1
51 91 1
53 91 1
55 91 1
59 91 1
61 91 1
62 91 1
71 91 1
74 91 1
76 91 1
80 91 1
86 91 1
88 91 1
90 91 1
10 92 1
15 92 1
16 92 1
18 92 1
19 92 1
22 92 1
23 92 1
25 92 1
26 92 1
27 92 1
29 92 1
31 92 1
32 92 1
33 92 1
35 92 1
37 92 1
41 92 1
44 92 1
46 92 1
47 92 1
51 92 1
52 92 1
53 92 1
55 92 1
56 92 1
58 92 1
61 92 1
62 92 1
65 92 1
66 92 1
67 92 1
70 92 1
71 92 1
78 92 1
82 92 1
85 92 1
89 92 1
1 93 1
3 93 1
14 93 1
15 93 1
16 93 1
17 93 1
22 93 1
26 93 1
33 93 1
34 93 1
41 93 1
45 93 1
46 93 1
47 93 1
50 93 1
52 93 1
54 93 1
55 93 1
56 93 1
59 93 1
60 93 1
65 93 1
67 93 1
72 93 1
73 93 1
75 93 1
76 93 1
77 93 1
78 93 1
79 93 1
81 93 1
87 93 1
88 93 1
89 93 1
90 93 1
92 93 1
2 94 1
3 94 1
6 94 1
7 94 1
16 94 1
20 94 1
23 94 1
24 94 1
25 94 1
27 94 1
31 94 1
32 94 1
35 94 1
36 94 1
38 94 1
43 94 1
45 94 1
47 94 1
49 94 1
50 94 1
52 94 1
57 94 1
59 94 1
61 94 1
62 94 1
63 94 1
66 94 1
69 94 1
71 94 1
75 94 1
91 94 1
92 94 1
4 95 1
7 95 1
9 95 1
10 95 1
11 95 1
19 95 1
25 95 1
28 95 1
29 95 1
30 95 1
33 95 1
34 95 1
36 95 1
41 95 1
46 95 1
49 95 1
50 95 1
52 95 1
59 95 1
60 95 1
61 95 1
62 95 1
63 95 1
64 95 1
65 95 1
69 95 1
74 95 1
80 95 1
81 95 1
83 95 1
88 95 1
89 95 1
1 96 1
4 96 1
5 96 1
6 96 1
13 96 1
17 96 1
18 96 1
19 96 1
22 96 1
23 96 1
26 96 1
27 96 1
32 96 1
34 96 1
35 96 1
37 96 1
40 96 1
43 96 1
44 96 1
46 96 1
47 96 1
48 96 1
49 96 1
51 96 1
52 96 1
54 96 1
55 96 1
58 96 1
61 96 1
67 96 1
73 96 1
75 96 1
76 96 1
78 96 1
80 96 1
83 96 1
86 96 1
87 96 1
91 96 1
92 96 1
94 96 1
95 96 1
3 97 1
11 97 1
12 97 1
22 97 1
24 97 1
28 97 1
29 97 1
32 97 1
35 97 1
42 97 1
45 97 1
51 97 1
52 97 1
54 97 1
55 97 1
56 97 1
57 97 1
58 97 1
60 97 1
65 97 1
68 97 1
70 97 1
75 97 1
86 97 1
88 97 1
89 97 1
91 97 1
92 97 1
94 97 1
96 97 1
2 98 1
3 98 1
8 98 1
11 98 1
12 98 1
13 98 1
14 98 1
18 98 1
19 98 1
20 98 1
21 98 1
24 98 1
27 98 1
28 98 1
30 98 1
36 98 1
38 98 1
40 98 1
43 98 1
48 98 1
52 98 1
54 98 1
57 98 1
58 98 1
60 98 1
61 98 1
63 98 1
65 98 1
66 98 1
69 98 1
73 98 1
75 98 1
76 98 1
78 98 1
80 98 1
83 98 1
84 98 1
86 98 1
88 98 1
89 98 1
90 98 1
92 98 1
97 98 1
1 99 1
3 99 1
4 99 1
5 99 1
12 99 1
13 99 1
14 99 1
16 99 1
18 99 1
20 99 1
22 99 1
29 99 1
30 99 1
31 99 1
36 99 1
38 99 1
44 99 1
45 99 1
48 99 1
51 99 1
52 99 1
54 99 1
55 99 1
62 99 1
63 99 1
66 99 1
67 99 1
69 99 1
70 99 1
77 99 1
82 99 1
83 99 1
85 99 1
87 99 1
88 99 1
91 99 1
92 99 1
95 99 1
96 99 1
97 99 1
2 100 1
8 100 1
9 100 1
13 100 1
17 100 1
20 100 1
22 100 1
25 100 1
26 100 1
27 100 1
29 100 1
30 100 1
35 100 1
36 100 1
37 100 1
41 100 1
42 100 1
45 100 1
46 100 1
47 100 1
50 100 1
52 100 1
56 100 1
58 100 1
63 100 1
64 100 1
70 100 1
72 100 1
75 100 1
82 100 1
87 100 1
88 100 1
89 100 1
90 100 1
93 100 1
95 100 1
96 100 1
97 100 1
1 101 1
2 101 1
5 101 1
6 101 1
11 101 1
14 101 1
15 101 1
20 101 1
21 101 1
25 101 1
26 101 1
28 101 1
29 101 1
31 101 1
32 101 1
37 101 1
42 101 1
44 101 1
46 101 1
49 101 1
51 101 1
53 101 1
58 101 1
62 101 1
69 101 1
72 101 1
73 101 1
74 101 1
75 101 1
81 101 1
83 101 1
86 101 1
89 101 1
95 101 1
97 101 1
2 102 1
7 102 1
10 102 1
12 102 1
13 102 1
14 102 1
15 102 1
16 102 1
17 102 1
19 102 1
23 102 1
24 102 1
27 102 1
29 102 1
32 102 1
38 102 1
39 102 1
40 102 1
43 102 1
47 102 1
48 102 1
53 102 1
56 102 1
59 102 1
62 102 1
63 102 1
65 102 1
69 102 1
70 102 1
71 102 1
73 102 1
75 102 1
79 102 1
80 102 1
81 102 1
82 102 1
84 102 1
86 102 1
92 102 1
93 102 1
95 102 1
96 102 1
100 102 1
101 102 1
2 103 1
5 103 1
9 103 1
11 103 1
13 103 1
16 103 1
17 103 1
19 103 1
21 103 1
23 103 1
24 103 1
30 103 1
31 103 1
32 103 1
37 103 1
38 103 1
41 103 1
42 103 1
46 103 1
48 103 1
55 103 1
56 103 1
59 103 1
62 103 1
64 103 1
65 103 1
68 103 1
75 103 1
76 103 1
78 103 1
80 103 1
82 103 1
83 103 1
85 103 1
87 103 1
88 103 1
92 103 1
93 103 1
95 103 1
99 103 1
101 103 1
3 104 1
4 104 1
8 104 1
10 104 1
13 104 1
14 104 1
15 104 1
19 104 1
20 104 1
22 104 1
23 104 1
25 104 1
27 104 1
30 104 1
31 104 1
32 104 1
39 104 1
45 104 1
48 104 1
49 104 1
50 104 1
51 104 1
52 104 1
53 104 1
56 104 1
57 104 1
62 104 1
64 104 1
65 104 1
66 104 1
68 104 1
69 104 1
71 104 1
74 104 1
76 104 1
77 104 1
80 104 1
83 104 1
87 104 1
90 104 1
93 104 1
94 104 1
97 104 1
98 104 1
99 104 1
100 104 1
101 104 1
1 105 1
2 105 1
3 105 1
9 105 1
10 105 1
11 105 1
16 105 1
18 105 1
19 105 1
21 105 1
22 105 1
24 105 1
25 105 1
26 105 1
29 105 1
34 105 1
37 105 1
38 105 1
42 105 1
43 105 1
45 105 1
47 105 1
48 105 1
53 105 1
55 105 1
58 105 1
59 105 1
60 105 1
63 105 1
66 105 1
72 105 1
74 105 1
75 105 1
76 105 1
88 105 1
90 105 1
91 105 1
93 105 1
94 105 1
95 105 1
100 105 1
101 105 1
1 106 1
4 106 1
8 106 1
9 106 1
10 106 1
15 106 1
22 106 1
24 106 1
26 106 1
27 106 1
28 106 1
29 106 1
30 106 1
32 106 1
33 106 1
34 106 1
41 106 1
42 106 1
43 106 1
44 106 1
47 106 1
48 106 1
53 106 1
54 106 1
55 106 1
57 106 1
63 106 1
69 106 1
75 106 1
77 106 1
79 106 1
80 106 1
82 106 1
83 106 1
84 106 1
85 106 1
87 106 1
90 106 1
95 106 1
97 106 1
100 106 1
104 106 1
2 107 1
4 107 1
8 107 1
9 107 1
16 107 1
18 107 1
19 107 1
20 107 1
23 107 1
25 107 1
29 107 1
30 107 1
32 107 1
33 107 1
43 107 1
44 107 1
46 107 1
47 107 1
51 107 1
52 107 1
53 107 1
56 107 1
57 107 1
63 107 1
64 107 1
67 107 1
68 107 1
69 107 1
70 107 1
71 107 1
72 107 1
75 107 1
76 107 1
77 107 1
80 107 1
82 107 1
83 107 1
84 107 1
89 107 1
90 107 1
91 107 1
92 107 1
96 107 1
97 107 1
102 107 1
103 107 1
105 107 1
1 108 1
4 108 1
5 108 1
10 108 1
11 108 1
12 108 1
14 108 1
15 108 1
16 108 1
17 108 1
19 108 1
20 108 1
21 108 1
23 108 1
26 108 1
28 108 1
29 108 1
30 108 1
33 108 1
34 108 1
35 108 1
36 108 1
43 108 1
44 108 1
50 108 1
51 108 1
52 108 1
53 108 1
55 108 1
57 108 1
62 108 1
63 108 1
65 108 1
67 108 1
68 108 1
71 108 1
73 108 1
74 108 1
77 108 1
78 108 1
79 108 1
81 108 1
82 108 1
91 108 1
96 108 1
100 108 1
101 108 1
102 108 1
104 108 1
105 108 1
106 108 1
107 108 1
3 109 1
10 109 1
14 109 1
15 109 1
16 109 1
18 109 1
20 109 1
21 109 1
22 109 1
23 109 1
24 109 1
25 109 1
26 109 1
28 109 1
32 109 1
33 109 1
37 109 1
38 109 1
40 109 1
44 109 1
45 109 1
47 109 1
50 109 1
51 109 1
57 109 1
58 109 1
60 109 1
64 109 1
65 109 1
67 109 1
78 109 1
79 109 1
80 109 1
82 109 1
83 109 1
84 109 1
85 109 1
86 109 1
87 109 1
89 109 1
92 109 1
98 109 1
102 109 1
106 109 1
108 109 1
1 110 1
4 110 1
8 110 1
12 110 1
16 110 1
20 110 1
21 110 1
23 110 1
25 110 1
27 110 1
30 110 1
31 110 1
33 110 1
34 110 1
36 110 1
37 110 1
38 110 1
45 110 1
46 110 1
47 110 1
49 110 1
52 110 1
53 110 1
58 110 1
61 110 1
64 110 1
67 110 1
69 110 1
77 110 1
84 110 1
87 110 1
94 110 1
96 110 1
97 110 1
98 110 1
102 110 1
109 110 1
3 111 1
6 111 1
8 111 1
10 111 1
11 111 1
13 111 1
15 111 1
16 111 1
19 111 1
24 111 1
31 111 1
33 111 1
34 111 1
36 111 1
37 111 1
38 111 1
39 111 1
41 111 1
50 111 1
53 111 1
57 111 1
58 111 1
63 111 1
64 111 1
65 111 1
67 111 1
68 111 1
71 111 1
75 111 1
79 111 1
81 111 1
83 111 1
84 111 1
87 111 1
93 111 1
94 111 1
100 111 1
104 111 1
105 111 1
108 111 1
109 111 1
4 112 1
6 112 1
7 112 1
8 112 1
9 112 1
11 112 1
13 112 1
15 112 1
17 112 1
19 112 1
23 112 1
26 112 1
34 112 1
38 112 1
41 112 1
45 112 1
46 112 1
49 112 1
55 112 1
56 112 1
59 112 1
60 112 1
61 112 1
64 112 1
66 112 1
68 112 1
75 112 1
77 112 1
81 112 1
90 112 1
95 112 1
96 112 1
99 112 1
100 112 1
101 112 1
103 112 1
105 112 1
107 112 1
3 113 1
6 113 1
8 113 1
9 113 1
11 113 1
13 113 1
14 113 1
16 113 1
18 113 1
22 113 1
23 113 1
25 113 1
26 113 1
29 113 1
33 113 1
35 113 1
38 113 1
40 113 1
44 113 1
48 113 1
50 113 1
51 113 1
52 113 1
53 113 1
54 113 1
58 113 1
62 113 1
68 113 1
71 113 1
72 113 1
73 113 1
74 113 1
75 113 1
76 113 1
78 113 1
84 113 1
86 113 1
89 113 1
91 113 1
92 113 1
94 113 1
96 113 1
98 113 1
99 113 1
100 113 1
101 113 1
103 113 1
105 113 1
108 113 1
109 113 1
110 113 1
111 113 1
1 114 1
4 114 1
5 114 1
6 114 1
7 114 1
12 114 1
13 114 1
16 114 1
18 114 1
19 114 1
20 114 1
22 114 1
24 114 1
30 114 1
31 114 1
32 114 1
33 114 1
37 114 1
41 114 1
45 114 1
46 114 1
48 114 1
49 114 1
50 114 1
52 114 1
53 114 1
60 114 1
61 114 1
62 114 1
63 114 1
64 114 1
66 114 1
71 114 1
74 114 1
75 114 1
80 114 1
88 114 1
89 114 1
90 114 1
91 114 1
92 114 1
93 114 1
94 114 1
98 114 1
99 114 1
100 114 1
103 114 1
111 114 1
2 115 1
5 115 1
8 115 1
10 115 1
12 115 1
14 115 1
17 115 1
19 115 1
20 115 1
27 115 1
30 115 1
31 115 1
34 115 1
37 115 1
46 115 1
48 115 1
52 115 1
55 115 1
60 115 1
63 115 1
64 115 1
66 115 1
67 115 1
73 115 1
77 115 1
79 115 1
83 115 1
84 115 1
85 115 1
87 115 1
90 115 1
91 115 1
94 115 1
96 115 1
97 115 1
98 115 1
99 115 1
100 115 1
101 115 1
104 115 1
105 115 1
106 115 1
107 115 1
109 115 1
111 115 1
112 115 1
2 116 1
4 116 1
6 116 1
13 116 1
15 116 1
17 116 1
21 116 1
22 116 1
23 116 1
25 116 1
28 116 1
29 116 1
30 116 1
35 116 1
36 116 1
37 116 1
45 116 1
50 116 1
51 116 1
52 116 1
53 116 1
56 116 1
57 116 1
59 116 1
61 116 1
66 116 1
67 116 1
68 116 1
70 116 1
72 116 1
74 116 1
76 116 1
80 116 1
83 116 1
85 116 1
95 116 1
98 116 1
99 116 1
101 116 1
102 116 1
108 116 1
113 116 1
115 116 1
1 117 1
6 117 1
26 117 1
29 117 1
35 117 1
36 117 1
37 117 1
40 117 1
41 117 1
44 117 1
45 117 1
47 117 1
50 117 1
57 117 1
62 117 1
65 117 1
67 117 1
70 117 1
71 117 1
73 117 1
75 117 1
83 117 1
85 117 1
86 117 1
87 117 1
88 117 1
90 117 1
92 117 1
94 117 1
98 117 1
106 117 1
107 117 1
110 117 1
112 117 1
113 117 1
114 117 1
116 117 1
1 118 1
5 118 1
7 118 1
9 118 1
10 118 1
11 118 1
14 118 1
15 118 1
16 118 1
19 118 1
22 118 1
23 118 1
28 118 1
31 118 1
36 118 1
38 118 1
42 118 1
43 118 1
45 118 1
46 118 1
48 118 1
50 118 1
58 118 1
59 118 1
62 118 1
66 118 1
67 118 1
70 118 1
71 118 1
72 118 1
73 118 1
80 118 1
81 118 1
84 118 1
87 118 1
88 118 1
89 118 1
98 118 1
99 118 1
100 118 1
102 118 1
105 118 1
109 118 1
110 118 1
112 118 1
114 118 1
115 118 1
116 118 1
2 119 1
3 119 1
6 119 1
7 119 1
9 119 1
11 119 1
12 119 1
14 119 1
24 119 1
25 119 1
29 119 1
43 119 1
47 119 1
49 119 1
50 119 1
52 119 1
53 119 1
58 119 1
64 119 1
65 119 1
68 119 1
69 119 1
72 119 1
73 119 1
76 119 1
77 119 1
79 119 1
82 119 1
84 119 1
89 119 1
93 119 1
95 119 1
98 119 1
99 119 1
101 119 1
104 119 1
105 119 1
111 119 1
112 119 1
114 119 1
117 119 1
3 120 1
4 120 1
7 120 1
8 120 1
11 120 1
12 120 1
13 120 1
15 120 1
17 120 1
19 120 1
20 120 1
22 120 1
24 120 1
26 120 1
29 120 1
31 120 1
33 120 1
36 120 1
40 120 1
41 120 1
46 120 1
47 120 1
48 120 1
51 120 1
53 120 1
54 120 1
56 120 1
57 120 1
58 120 1
61 120 1
65 120 1
68 120 1
70 120 1
72 120 1
78 120 1
80 120 1
82 120 1
83 120 1
84 120 1
85 120 1
87 120 1
90 120 1
91 120 1
93 120 1
96 120 1
98 120 1
104 120 1
107 120 1
109 120 1
111 120 1
115 120 1
116 120 1
117 120 1
119 120 1
2 121 1
3 121 1
5 121 1
6 121 1
7 121 1
11 121 1
12 121 1
13 121 1
15 121 1
17 121 1
25 121 1
26 121 1
29 121 1
31 121 1
33 121 1
36 121 1
38 121 1
40 121 1
42 121 1
47 121 1
48 121 1
51 121 1
53 121 1
54 121 1
56 121 1
58 121 1
59 121 1
60 121 1
61 121 1
62 121 1
64 121 1
65 121 1
66 121 1
67 121 1
68 121 1
69 121 1
70 121 1
72 121 1
76 121 1
80 121 1
81 121 1
83 121 1
84 121 1
86 121 1
88 121 1
89 121 1
95 121 1
98 121 1
99 121 1
100 121 1
105 121 1
109 121 1
111 121 1
113 121 1
114 121 1
117 121 1
118 121 1
1 122 1
6 122 1
7 122 1
9 122 1
12 122 1
14 122 1
20 122 1
22 122 1
30 122 1
31 122 1
32 122 1
35 122 1
36 122 1
38 122 1
40 122 1
41 122 1
42 122 1
45 122 1
47 122 1
50 122 1
51 122 1
52 122 1
55 122 1
62 122 1
65 122 1
67 122 1
69 122 1
70 122 1
71 122 1
74 122 1
79 122 1
81 122 1
82 122 1
85 122 1
86 122 1
87 122 1
89 122 1
93 122 1
97 122 1
102 122 1
107 122 1
108 122 1
113 122 1
1 123 1
5 123 1
7 123 1
9 123 1
11 123 1
12 123 1
14 123 1
18 123 1
20 123 1
23 123 1
25 123 1
26 123 1
29 123 1
36 123 1
38 123 1
46 123 1
47 123 1
49 123 1
51 123 1
53 123 1
54 123 1
58 123 1
64 123 1
65 123 1
70 123 1
72 123 1
74 123 1
75 123 1
76 123 1
83 123 1
84 123 1
87 123 1
88 123 1
90 123 1
92 123 1
94 123 1
95 123 1
99 123 1
103 123 1
104 123 1
105 123 1
108 123 1
112 123 1
120 123 1
1 124 1
2 124 1
5 124 1
6 124 1
8 124 1
10 124 1
12 124 1
13 124 1
16 124 1
19 124 1
22 124 1
26 124 1
27 124 1
31 124 1
32 124 1
33 124 1
38 124 1
46 124 1
51 124 1
52 124 1
54 124 1
58 124 1
59 124 1
60 124 1
63 124 1
64 124 1
68 124 1
69 124 1
72 124 1
75 124 1
77 124 1
78 124 1
83 124 1
84 124 1
88 124 1
89 124 1
90 124 1
92 124 1
93 124 1
94 124 1
102 124 1
103 124 1
105 124 1
106 124 1
115 124 1
122 124 1
2 125 1
3 125 1
4 125 1
17 125 1
20 125 1
21 125 1
23 125 1
29 125 1
32 125 1
34 125 1
35 125 1
38 125 1
43 125 1
44 125 1
45 125 1
47 125 1
49 125 1
54 125 1
56 125 1
58 125 1
60 125 1
64 125 1
65 125 1
70 125 1
73 125 1
81 125 1
82 125 1
84 125 1
88 125 1
91 125 1
95 125 1
97 125 1
99 125 1
100 125 1
101 125 1
102 125 1
104 125 1
108 125 1
109 125 1
111 125 1
112 125 1
113 125 1
115 125 1
118 125 1
119 125 1
121 125 1
123 125 1
4 126 1
6 126 1
7 126 1
10 126 1
11 126 1
13 126 1
14 126 1
17 126 1
18 126 1
19 126 1
22 126 1
23 126 1
24 126 1
26 126 1
27 126 1
28 126 1
30 126 1
35 126 1
37 126 1
40 126 1
42 126 1
47 126 1
50 126 1
51 126 1
58 126 1
59 126 1
61 126 1
62 126 1
65 126 1
66 126 1
69 126 1
71 126 1
72 126 1
76 126 1
79 126 1
84 126 1
87 126 1
88 126 1
89 126 1
90 126 1
99 126 1
100 126 1
101 126 1
110 126 1
113 126 1
115 126 1
116 126 1
117 126 1
119 126 1
120 126 1
121 126 1
5 127 1
6 127 1
7 127 1
8 127 1
11 127 1
13 127 1
15 127 1
16 127 1
19 127 1
21 127 1
23 127 1
24 127 1
26 127 1
29 127 1
30 127 1
32 127 1
37 127 1
39 127 1
41 127 1
42 127 1
44 127 1
45 127 1
46 127 1
48 127 1
51 127 1
56 127 1
58 127 1
61 127 1
64 127 1
72 127 1
74 127 1
75 127 1
76 127 1
77 127 1
84 127 1
89 127 1
90 127 1
91 127 1
94 127 1
95 127 1
96 127 1
99 127 1
100 127 1
104 127 1
105 127 1
108 127 1
109 127 1
112 127 1
115 127 1
119 127 1
121 127 1
122 127 1
123 127 1
124 127 1
126 127 1
6 128 1
9 128 1
11 128 1
12 128 1
13 128 1
14 128 1
15 128 1
19 128 1
20 128 1
23 128 1
25 128 1
30 128 1
32 128 1
34 128 1
37 128 1
42 128 1
44 128 1
45 128 1
46 128 1
51 128 1
52 128 1
53 128 1
54 128 1
55 128 1
57 128 1
59 128 1
63 128 1
64 128 1
66 128 1
73 128 1
75 128 1
76 128 1
77 128 1
78 128 1
81 128 1
83 128 1
86 128 1
87 128 1
88 128 1
89 128 1
91 128 1
96 128 1
101 128 1
105 128 1
108 128 1
109 128 1
110 128 1
113 128 1
115 128 1
117 128 1
1 129 1
3 129 1
4 129 1
6 129 1
8 129 1
10 129 1
11 129 1
15 129 1
17 129 1
19 129 1
21 129 1
23 129 1
25 129 1
32 129 1
33 129 1
35 129 1
36 129 1
38 129 1
39 129 1
44 129 1
52 129 1
56 129 1
59 129 1
61 129 1
64 129 1
67 129 1
71 129 1
73 129 1
78 129 1
79 129 1
83 129 1
84 129 1
92 129 1
94 129 1
97 129 1
98 129 1
100 129 1
101 129 1
102 129 1
103 129 1
107 129 1
108 129 1
110 129 1
112 129 1
118 129 1
121 129 1
122 129 1
124 129 1
125 129 1
3 130 1
6 130 1
8 130 1
11 130 1
15 130 1
16 130 1
18 130 1
19 130 1
22 130 1
24 130 1
25 130 1
29 130 1
30 130 1
32 130 1
33 130 1
34 130 1
37 130 1
39 130 1
42 130 1
44 130 1
46 130 1
47 130 1
49 130 1
50 130 1
51 130 1
54 130 1
64 130 1
65 130 1
66 130 1
67 130 1
70 130 1
71 130 1
72 130 1
74 130 1
76 130 1
79 130 1
80 130 1
81 130 1
83 130 1
88 130 1
91 130 1
93 130 1
94 130 1
95 130 1
97 130 1
98 130 1
99 130 1
103 130 1
105 130 1
106 130 1
108 130 1
109 130 1
111 130 1
113 130 1
115 130 1
116 130 1
117 130 1
121 130 1
124 130 1
3 131 1
6 131 1
8 131 1
11 131 1
12 131 1
18 131 1
19 131 1
21 131 1
23 131 1
24 131 1
25 131 1
33 131 1
35 131 1
37 131 1
38 131 1
39 131 1
40 131 1
44 131 1
46 131 1
49 131 1
54 131 1
55 131 1
59 131 1
64 131 1
65 131 1
66 131 1
72 131 1
75 131 1
76 131 1
77 131 1
78 131 1
80 131 1
81 131 1
87 131 1
91 131 1
93 131 1
95 131 1
97 131 1
98 131 1
99 131 1
100 131 1
105 131 1
106 131 1
107 131 1
109 131 1
110 131 1
111 131 1
112 131 1
117 131 1
118 131 1
120 131 1
122 131 1
124 131 1
125 131 1
127 131 1
129 131 1
1 132 1
2 132 1
10 132 1
12 132 1
15 132 1
17 132 1
18 132 1
20 132 1
22 132 1
24 132 1
28 132 1
29 132 1
33 132 1
35 132 1
39 132 1
40 132 1
48 132 1
52 132 1
58 132 1
60 132 1
61 132 1
62 132 1
67 132 1
68 132 1
69 132 1
74 132 1
76 132 1
84 132 1
85 132 1
87 132 1
88 132 1
89 132 1
92 132 1
93 132 1
94 132 1
95 132 1
96 132 1
97 132 1
98 132 1
105 132 1
107 132 1
109 132 1
114 132 1
115 132 1
116 132 1
117 132 1
118 132 1
119 132 1
120 132 1
121 132 1
124 132 1
126 132 1
129 132 1
130 132 1
131 132 1
4 133 1
5 133 1
6 133 1
7 133 1
8 133 1
10 133 1
11 133 1
12 133 1
13 133 1
14 133 1
15 133 1
19 133 1
21 133 1
24 133 1
26 133 1
31 133 1
33 133 1
34 133 1
36 133 1
37 133 1
40 133 1
41 133 1
44 133 1
47 133 1
50 133 1
52 133 1
53 133 1
60 133 1
62 133 1
65 133 1
66 133 1
67 133 1
72 133 1
75 133 1
76 133 1
79 133 1
83 133 1
87 133 1
90 133 1
98 133 1
101 133 1
102 133 1
103 133 1
104 133 1
105 133 1
107 133 1
108 133 1
110 133 1
116 133 1
117 133 1
118 133 1
119 133 1
120 133 1
121 133 1
127 133 1
129 133 1
132 133 1
1 134 1
8 134 1
14 134 1
15 134 1
19 134 1
20 134 1
22 134 1
23 134 1
27 134 1
30 134 1
34 134 1
35 134 1
38 134 1
43 134 1
44 134 1
45 134 1
46 134 1
51 134 1
53 134 1
55 134 1
57 134 1
58 134 1
60 134 1
65 134 1
69 134 1
70 134 1
72 134 1
77 134 1
79 134 1
81 134 1
87 134 1
88 134 1
95 134 1
96 134 1
98 134 1
99 134 1
100 134 1
101 134 1
102 134 1
104 134 1
106 134 1
107 134 1
108 134 1
119 134 1
121 134 1
123 134 1
124 134 1
127 134 1
129 134 1
133 134 1
2 135 1
3 135 1
9 135 1
10 135 1
13 135 1
14 135 1
15 135 1
18 135 1
28 135 1
29 135 1
33 135 1
34 135 1
40 135 1
43 135 1
45 135 1
46 135 1
54 135 1
56 135 1
62 135 1
64 135 1
65 135 1
66 135 1
74 135 1
75 135 1
76 135 1
78 135 1
79 135 1
88 135 1
97 135 1
98 135 1
100 135 1
104 135 1
106 135 1
107 135 1
110 135 1
113 135 1
119 135 1
120 135 1
122 135 1
124 135 1
125 135 1
127 135 1
129 135 1
132 135 1
133 135 1
134 135 1
3 136 1
7 136 1
10 136 1
11 136 1
19 136 1
22 136 1
24 136 1
29 136 1
30 136 1
31 136 1
33 136 1
35 136 1
38 136 1
39 136 1
40 136 1
41 136 1
43 136 1
44 136 1
48 136 1
50 136 1
51 136 1
63 136 1
65 136 1
69 136 1
71 136 1
76 136 1
80 136 1
82 136 1
87 136 1
88 136 1
89 136 1
91 136 1
98 136 1
100 136 1
104 136 1
105 136 1
111 136 1
115 136 1
123 136 1
128 136 1
129 136 1
133 136 1
5 137 1
9 137 1
11 137 1
13 137 1
14 137 1
16 137 1
19 137 1
22 137 1
23 137 1
24 137 1
25 137 1
28 137 1
32 137 1
36 137 1
37 137 1
39 137 1
40 137 1
42 137 1
46 137 1
48 137 1
50 137 1
53 137 1
54 137 1
56 137 1
60 137 1
62 137 1
67 137 1
68 137 1
75 137 1
76 137 1
80 137 1
82 137 1
83 137 1
86 137 1
88 137 1
91 137 1
92 137 1
93 137 1
94 137 1
96 137 1
103 137 1
104 137 1
107 137 1
109 137 1
110 137 1
113 137 1
114 137 1
115 137 1
118 137 1
125 137 1
126 137 1
127 137 1
128 137 1
129 137 1
130 137 1
1 138 1
3 138 1
5 138 1
6 138 1
8 138 1
10 138 1
13 138 1
17 138 1
21 138 1
22 138 1
24 138 1
26 138 1
27 138 1
28 138 1
31 138 1
33 138 1
36 138 1
39 138 1
40 138 1
41 138 1
42 138 1
44 138 1
46 138 1
47 138 1
48 138 1
52 138 1
60 138 1
61 138 1
63 138 1
64 138 1
68 138 1
69 138 1
71 138 1
72 138 1
73 138 1
76 138 1
77 138 1
79 138 1
85 138 1
86 138 1
92 138 1
96 138 1
98 138 1
100 138 1
102 138 1
111 138 1
112 138 1
115 138 1
116 138 1
120 138 1
121 138 1
125 138 1
126 138 1
127 138 1
129 138 1
130 138 1
131 138 1
132 138 1
133 138 1
134 138 1
137 138 1
1 139 1
4 139 1
5 139 1
9 139 1
10 139 1
11 139 1
13 139 1
18 139 1
21 139 1
25 139 1
27 139 1
32 139 1
33 139 1
34 139 1
36 139 1
37 139 1
38 139 1
40 139 1
44 139 1
47 139 1
68 139 1
70 139 1
73 139 1
75 139 1
76 139 1
78 139 1
79 139 1
81 139 1
85 139 1
87 139 1
88 139 1
92 139 1
94 139 1
95 139 1
97 139 1
98 139 1
105 139 1
106 139 1
107 139 1
108 139 1
109 139 1
112 139 1
113 139 1
116 139 1
117 139 1
120 139 1
121 139 1
122 139 1
126 139 1
129 139 1
131 139 1
132 139 1
134 139 1
136 139 1
137 139 1
138 139 1
1 140 1
12 140 1
13 140 1
15 140 1
16 140 1
17 140 1
18 140 1
26 140 1
28 140 1
31 140 1
39 140 1
40 140 1
42 140 1
43 140 1
44 140 1
46 140 1
52 140 1
54 140 1
56 140 1
58 140 1
71 140 1
72 140 1
73 140 1
76 140 1
78 140 1
79 140 1
81 140 1
84 140 1
94 140 1
96 140 1
97 140 1
107 140 1
110 140 1
112 140 1
114 140 1
116 140 1
119 140 1
120 140 1
121 140 1
122 140 1
124 140 1
126 140 1
129 140 1
133 140 1
135 140 1
136 140 1
139 140 1
6 141 1
15 141 1
16 141 1
17 141 1
19 141 1
21 141 1
24 141 1
28 141 1
31 141 1
32 141 1
39 141 1
40 141 1
42 141 1
43 141 1
44 141 1
46 141 1
53 141 1
54 141 1
55 141 1
56 141 1
57 141 1
58 141 1
59 141 1
60 141 1
61 141 1
63 141 1
70 141 1
73 141 1
78 141 1
79 141 1
83 141 1
84 141 1
87 141 1
90 141 1
98 141 1
99 141 1
102 141 1
105 141 1
107 141 1
108 141 1
110 141 1
111 141 1
115 141 1
118 141 1
120 141 1
121 141 1
122 141 1
123 141 1
129 141 1
130 141 1
131 141 1
132 141 1
136 141 1
138 141 1
1 142 1
6 142 1
7 142 1
9 142 1
11 142 1
13 142 1
14 142 1
16 142 1
23 142 1
26 142 1
27 142 1
28 142 1
29 142 1
30 142 1
31 142 1
32 142 1
35 142 1
39 142 1
40 142 1
46 142 1
47 142 1
48 142 1
49 142 1
52 142 1
53 142 1
54 142 1
60 142 1
62 142 1
63 142 1
65 142 1
67 142 1
71 142 1
73 142 1
74 142 1
77 142 1
78 142 1
80 142 1
81 142 1
85 142 1
91 142 1
92 142 1
94 142 1
96 142 1
99 142 1
101 142 1
102 142 1
103 142 1
112 142 1
113 142 1
114 142 1
116 142 1
118 142 1
121 142 1
122 142 1
123 142 1
129 142 1
133 142 1
134 142 1
135 142 1
136 142 1
139 142 1
141 142 1
1 143 1
6 143 1
8 143 1
12 143 1
16 143 1
17 143 1
19 143 1
20 143 1
21 143 1
26 143 1
29 143 1
32 143 1
35 143 1
39 143 1
40 143 1
43 143 1
45 143 1
48 143 1
49 143 1
51 143 1
52 143 1
55 143 1
59 143 1
65 143 1
66 143 1
71 143 1
74 143 1
75 143 1
77 143 1
78 143 1
84 143 1
93 143 1
96 143 1
104 143 1
110 143 1
112 143 1
114 143 1
116 143 1
117 143 1
119 143 1
121 143 1
122 143 1
124 143 1
125 143 1
126 143 1
127 143 1
128 143 1
129 143 1
131 143 1
133 143 1
134 143 1
136 143 1
138 143 1
139 143 1
140 143 1
141 143 1
14 144 1
15 144 1
16 144 1
17 144 1
23 144 1
24 144 1
25 144 1
26 144 1
27 144 1
31 144 1
33 144 1
34 144 1
35 144 1
39 144 1
40 144 1
42 144 1
44 144 1
46 144 1
48 144 1
49 144 1
50 144 1
52 144 1
55 144 1
56 144 1
57 144 1
58 144 1
59 144 1
64 144 1
65 144 1
66 144 1
67 144 1
70 144 1
73 144 1
75 144 1
78 144 1
79 144 1
81 144 1
82 144 1
96 144 1
97 144 1
99 144 1
101 144 1
104 144 1
105 144 1
106 144 1
109 144 1
112 144 1
113 144 1
114 144 1
115 144 1
123 144 1
125 144 1
127 144 1
129 144 1
130 144 1
133 144 1
134 144 1
135 144 1
138 144 1
141 144 1
2 145 1
3 145 1
9 145 1
11 145 1
12 145 1
13 145 1
14 145 1
16 145 1
17 145 1
21 145 1
22 145 1
29 145 1
30 145 1
31 145 1
32 145 1
33 145 1
34 145 1
35 145 1
36 145 1
39 145 1
40 145 1
41 145 1
42 145 1
49 145 1
52 145 1
53 145 1
55 145 1
56 145 1
57 145 1
58 145 1
61 145 1
62 145 1
70 145 1
72 145 1
73 145 1
77 145 1
78 145 1
82 145 1
86 145 1
88 145 1
89 145 1
91 145 1
92 145 1
94 145 1
95 145 1
97 145 1
98 145 1
99 145 1
100 145 1
102 145 1
103 145 1
104 145 1
105 145 1
108 145 1
110 145 1
111 145 1
113 145 1
118 145 1
121 145 1
122 145 1
124 145 1
130 145 1
133 145 1
138 145 1
142 145 1
143 145 1
2 146 1
3 146 1
5 146 1
10 146 1
11 146 1
13 146 1
14 146 1
15 146 1
16 146 1
18 146 1
19 146 1
20 146 1
22 146 1
24 146 1
26 146 1
27 146 1
29 146 1
33 146 1
37 146 1
39 146 1
41 146 1
43 146 1
53 146 1
55 146 1
56 146 1
57 146 1
59 146 1
69 146 1
73 146 1
75 146 1
76 146 1
77 146 1
82 146 1
83 146 1
84 146 1
87 146 1
91 146 1
92 146 1
95 146 1
96 146 1
104 146 1
105 146 1
109 146 1
112 146 1
117 146 1
119 146 1
120 146 1
121 146 1
125 146 1
127 146 1
129 146 1
130 146 1
131 146 1
134 146 1
135 146 1
136 146 1
138 146 1
141 146 1
144 146 1
2 147 1
4 147 1
6 147 1
7 147 1
9 147 1
10 147 1
11 147 1
12 147 1
14 147 1
17 147 1
19 147 1
22 147 1
23 147 1
25 147 1
27 147 1
28 147 1
30 147 1
31 147 1
33 147 1
39 147 1
46 147 1
47 147 1
48 147 1
50 147 1
51 147 1
53 147 1
56 147 1
57 147 1
58 147 1
60 147 1
65 147 1
67 147 1
70 147 1
71 147 1
73 147 1
74 147 1
82 147 1
83 147 1
84 147 1
91 147 1
93 147 1
94 147 1
98 147 1
101 147 1
102 147 1
109 147 1
110 147 1
112 147 1
113 147 1
116 147 1
117 147 1
118 147 1
122 147 1
126 147 1
127 147 1
132 147 1
133 147 1
136 147 1
137 147 1
138 147 1
140 147 1
141 147 1
142 147 1
143 147 1
144 147 1
146 147 1
5 148 1
14 148 1
16 148 1
17 148 1
19 148 1
21 148 1
28 148 1
29 148 1
31 148 1
34 148 1
38 148 1
42 148 1
43 148 1
44 148 1
46 148 1
48 148 1
54 148 1
55 148 1
58 148 1
59 148 1
60 148 1
61 148 1
62 148 1
68 148 1
73 148 1
75 148 1
76 148 1
82 148 1
83 148 1
84 148 1
86 148 1
87 148 1
89 148 1
90 148 1
95 148 1
97 148 1
99 148 1
105 148 1
107 148 1
111 148 1
112 148 1
115 148 1
116 148 1
118 148 1
127 148 1
129 148 1
130 148 1
131 148 1
134 148 1
135 148 1
136 148 1
138 148 1
141 148 1
144 148 1
5 149 1
11 149 1
12 149 1
13 149 1
16 149 1
17 149 1
18 149 1
19 149 1
22 149 1
25 149 1
27 149 1
30 149 1
33 149 1
36 149 1
43 149 1
44 149 1
46 149 1
49 149 1
51 149 1
53 149 1
54 149 1
56 149 1
63 149 1
67 149 1
69 149 1
70 149 1
71 149 1
73 149 1
74 149 1
77 149 1
78 149 1
80 149 1
82 149 1
85 149 1
86 149 1
87 149 1
93 149 1
95 149 1
101 149 1
102 149 1
103 149 1
104 149 1
105 149 1
113 149 1
115 149 1
118 149 1
120 149 1
122 149 1
128 149 1
129 149 1
130 149 1
139 149 1
140 149 1
144 149 1
146 149 1
147 149 1
1 150 1
3 150 1
7 150 1
8 150 1
10 150 1
11 150 1
14 150 1
15 150 1
16 150 1
17 150 1
18 150 1
21 150 1
30 150 1
32 150 1
38 150 1
40 150 1
41 150 1
45 150 1
47 150 1
48 150 1
51 150 1
52 150 1
54 150 1
56 150 1
57 150 1
58 150 1
59 150 1
64 150 1
65 150 1
66 150 1
70 150 1
72 150 1
74 150 1
77 150 1
78 150 1
86 150 1
88 150 1
90 150 1
95 150 1
100 150 1
101 150 1
108 150 1
109 150 1
110 150 1
123 150 1
126 150 1
127 150 1
130 150 1
131 150 1
134 150 1
135 150 1
137 150 1
138 150 1
139 150 1
140 150 1
145 150 1
1 151 1
3 151 1
6 151 1
7 151 1
13 151 1
15 151 1
17 151 1
18 151 1
19 151 1
25 151 1
28 151 1
30 151 1
33 151 1
34 151 1
35 151 1
37 151 1
38 151 1
39 151 1
42 151 1
45 151 1
49 151 1
50 151 1
51 151 1
55 151 1
57 151 1
60 151 1
61 151 1
63 151 1
69 151 1
70 151 1
81 151 1
83 151 1
88 151 1
89 151 1
91 151 1
92 151 1
94 151 1
97 151 1
99 151 1
102 151 1
103 151 1
104 151 1
108 151 1
109 151 1
115 151 1
116 151 1
117 151 1
120 151 1
121 151 1
122 151 1
125 151 1
126 151 1
128 151 1
134 151 1
141 151 1
142 151 1
143 151 1
144 151 1
148 151 1
2 152 1
6 152 1
7 152 1
11 152 1
12 152 1
13 152 1
16 152 1
21 152 1
27 152 1
28 152 1
29 152 1
30 152 1
31 152 1
33 152 1
39 152 1
40 152 1
42 152 1
45 152 1
46 152 1
48 152 1
52 152 1
57 152 1
58 152 1
59 152 1
60 152 1
61 152 1
63 152 1
70 152 1
71 152 1
72 152 1
73 152 1
74 152 1
75 152 1
77 152 1
78 152 1
83 152 1
84 152 1
86 152 1
87 152 1
88 152 1
91 152 1
93 152 1
97 152 1
98 152 1
100 152 1
101 152 1
103 152 1
105 152 1
107 152 1
109 152 1
111 152 1
115 152 1
117 152 1
120 152 1
123 152 1
138 152 1
143 152 1
148 152 1
149 152 1
151 152 1
2 153 1
8 153 1
11 153 1
12 153 1
13 153 1
14 153 1
16 153 1
20 153 1
21 153 1
22 153 1
23 153 1
26 153 1
27 153 1
29 153 1
37 153 1
38 153 1
43 153 1
45 153 1
46 153 1
47 153 1
48 153 1
50 153 1
53 153 1
58 153 1
59 153 1
62 153 1
63 153 1
64 153 1
66 153 1
69 153 1
71 153 1
72 153 1
73 153 1
77 153 1
80 153 1
81 153 1
82 153 1
83 153 1
85 153 1
86 153 1
87 153 1
90 153 1
91 153 1
94 153 1
95 153 1
96 153 1
99 153 1
100 153 1
102 153 1
110 153 1
113 153 1
114 153 1
119 153 1
123 153 1
129 153 1
135 153 1
137 153 1
139 153 1
140 153 1
141 153 1
146 153 1
150 153 1
1 154 1
2 154 1
3 154 1
5 154 1
6 154 1
8 154 1
9 154 1
10 154 1
17 154 1
18 154 1
19 154 1
21 154 1
22 154 1
23 154 1
24 154 1
27 154 1
29 154 1
33 154 1
34 154 1
36 154 1
39 154 1
41 154 1
42 154 1
43 154 1
49 154 1
50 154 1
51 154 1
54 154 1
55 154 1
56 154 1
59 154 1
60 154 1
61 154 1
63 154 1
66 154 1
74 154 1
77 154 1
78 154 1
81 154 1
83 154 1
87 154 1
89 154 1
90 154 1
95 154 1
98 154 1
101 154 1
102 154 1
105 154 1
106 154 1
107 154 1
110 154 1
112 154 1
114 154 1
115 154 1
116 154 1
118 154 1
123 154 1
127 154 1
128 154 1
129 154 1
132 154 1
134 154 1
139 154 1
140 154 1
141 154 1
142 154 1
146 154 1
151 154 1
152 154 1
4 155 1
5 155 1
7 155 1
8 155 1
11 155 1
12 155 1
14 155 1
17 155 1
21 155 1
23 155 1
25 155 1
27 155 1
30 155 1
31 155 1
33 155 1
34 155 1
37 155 1
39 155 1
40 155 1
41 155 1
42 155 1
43 155 1
45 155 1
46 155 1
48 155 1
49 155 1
53 155 1
54 155 1
56 155 1
57 155 1
61 155 1
63 155 1
64 155 1
66 155 1
70 155 1
72 155 1
77 155 1
81 155 1
85 155 1
86 155 1
89 155 1
92 155 1
93 155 1
95 155 1
96 155 1
103 155 1
104 155 1
106 155 1
107 155 1
108 155 1
113 155 1
116 155 1
117 155 1
129 155 1
134 155 1
136 155 1
141 155 1
142 155 1
143 155 1
145 155 1
147 155 1
148 155 1
149 155 1
150 155 1
152 155 1
2 156 1
4 156 1
6 156 1
8 156 1
10 156 1
12 156 1
13 156 1
14 156 1
17 156 1
18 156 1
19 156 1
20 156 1
21 156 1
23 156 1
26 156 1
28 156 1
29 156 1
32 156 1
35 156 1
36 156 1
37 156 1
38 156 1
39 156 1
40 156 1
44 156 1
46 156 1
48 156 1
49 156 1
50 156 1
52 156 1
57 156 1
60 156 1
61 156 1
63 156 1
65 156 1
69 156 1
70 156 1
71 156 1
72 156 1
75 156 1
77 156 1
79 156 1
93 156 1
94 156 1
96 156 1
101 156 1
104 156 1
105 156 1
107 156 1
110 156 1
113 156 1
114 156 1
118 156 1
125 156 1
127 156 1
129 156 1
130 156 1
133 156 1
134 156 1
135 156 1
137 156 1
138 156 1
140 156 1
142 156 1
143 156 1
145 156 1
146 156 1
154 156 1
1 157 1
2 157 1
12 157 1
13 157 1
17 157 1
20 157 1
26 157 1
28 157 1
31 157 1
32 157 1
35 157 1
44 157 1
45 157 1
52 157 1
55 157 1
57 157 1
59 157 1
60 157 1
61 157 1
63 157 1
64 157 1
65 157 1
67 157 1
70 157 1
73 157 1
74 157 1
76 157 1
79 157 1
81 157 1
83 157 1
84 157 1
85 157 1
87 157 1
89 157 1
97 157 1
98 157 1
99 157 1
100 157 1
101 157 1
102 157 1
105 157 1
109 157 1
110 157 1
112 157 1
116 157 1
117 157 1
134 157 1
139 157 1
143 157 1
144 157 1
147 157 1
148 157 1
154 157 1
155 157 1
156 157 1
10 158 1
11 158 1
12 158 1
15 158 1
17 158 1
19 158 1
21 158 1
27 158 1
29 158 1
33 158 1
35 158 1
37 158 1
38 158 1
42 158 1
45 158 1
46 158 1
47 158 1
51 158 1
53 158 1
54 158 1
57 158 1
67 158 1
72 158 1
75 158 1
76 158 1
79 158 1
80 158 1
81 158 1
85 158 1
86 158 1
87 158 1
90 158 1
96 158 1
98 158 1
99 158 1
101 158 1
102 158 1
105 158 1
109 158 1
112 158 1
113 158 1
115 158 1
117 158 1
118 158 1
119 158 1
121 158 1
123 158 1
126 158 1
127 158 1
130 158 1
131 158 1
132 158 1
134 158 1
135 158 1
136 158 1
137 158 1
139 158 1
142 158 1
143 158 1
144 158 1
147 158 1
148 158 1
151 158 1
152 158 1
156 158 1
1 159 1
8 159 1
10 159 1
15 159 1
16 159 1
24 159 1
27 159 1
28 159 1
30 159 1
31 159 1
33 159 1
35 159 1
38 159 1
43 159 1
44 159 1
46 159 1
47 159 1
55 159 1
56 159 1
59 159 1
61 159 1
64 159 1
67 159 1
68 159 1
69 159 1
74 159 1
75 159 1
76 159 1
89 159 1
94 159 1
95 159 1
97 159 1
98 159 1
99 159 1
101 159 1
105 159 1
109 159 1
115 159 1
116 159 1
121 159 1
124 159 1
127 159 1
128 159 1
130 159 1
131 159 1
134 159 1
136 159 1
140 159 1
141 159 1
144 159 1
145 159 1
146 159 1
147 159 1
148 159 1
149 159 1
150 159 1
151 159 1
152 159 1
158 159 1
3 160 1
4 160 1
6 160 1
8 160 1
10 160 1
11 160 1
15 160 1
16 160 1
18 160 1
20 160 1
23 160 1
28 160 1
33 160 1
34 160 1
42 160 1
44 160 1
54 160 1
59 160 1
62 160 1
68 160 1
70 160 1
74 160 1
79 160 1
81 160 1
82 160 1
84 160 1
85 160 1
89 160 1
94 160 1
96 160 1
97 160 1
99 160 1
101 160 1
102 160 1
103 160 1
106 160 1
107 160 1
108 160 1
123 160 1
126 160 1
127 160 1
129 160 1
133 160 1
134 160 1
140 160 1
141 160 1
143 160 1
144 160 1
148 160 1
150 160 1
151 160 1
152 160 1
157 160 1
3 161 1
4 161 1
6 161 1
10 161 1
11 161 1
12 161 1
18 161 1
21 161 1
27 161 1
29 161 1
31 161 1
32 161 1
33 161 1
40 161 1
42 161 1
43 161 1
49 161 1
52 161 1
53 161 1
54 161 1
58 161 1
61 161 1
63 161 1
65 161 1
68 161 1
71 161 1
72 161 1
73 161 1
74 161 1
77 161 1
79 161 1
81 161 1
82 161 1
85 161 1
89 161 1
95 161 1
96 161 1
97 161 1
99 161 1
100 161 1
107 161 1
109 161 1
110 161 1
112 161 1
113 161 1
115 161 1
120 161 1
122 161 1
124 161 1
125 161 1
127 161 1
128 161 1
129 161 1
132 161 1
135 161 1
139 161 1
147 161 1
149 161 1
151 161 1
152 161 1
153 161 1
159 161 1
160 161 1
3 162 1
5 162 1
8 162 1
10 162 1
12 162 1
15 162 1
17 162 1
18 162 1
19 162 1
20 162 1
25 162 1
29 162 1
30 162 1
31 162 1
33 162 1
38 162 1
40 162 1
42 162 1
43 162 1
47 162 1
59 162 1
62 162 1
64 162 1
67 162 1
73 162 1
74 162 1
76 162 1
77 162 1
81 162 1
82 162 1
84 162 1
86 162 1
92 162 1
95 162 1
96 162 1
103 162 1
105 162 1
108 162 1
110 162 1
113 162 1
115 162 1
117 162 1
118 162 1
119 162 1
123 162 1
127 162 1
131 162 1
134 162 1
135 162 1
137 162 1
138 162 1
139 162 1
141 162 1
143 162 1
147 162 1
149 162 1
150 162 1
151 162 1
153 162 1
158 162 1
159 162 1
2 163 1
3 163 1
5 163 1
7 163 1
10 163 1
13 163 1
14 163 1
16 163 1
23 163 1
24 163 1
31 163 1
34 163 1
38 163 1
40 163 1
41 163 1
45 163 1
47 163 1
49 163 1
51 163 1
52 163 1
54 163 1
57 163 1
58 163 1
60 163 1
62 163 1
64 163 1
65 163 1
67 163 1
76 163 1
79 163 1
82 163 1
84 163 1
86 163 1
87 163 1
89 163 1
96 163 1
98 163 1
99 163 1
101 163 1
104 163 1
106 163 1
107 163 1
108 163 1
112 163 1
114 163 1
115 163 1
117 163 1
118 163 1
120 163 1
125 163 1
127 163 1
128 163 1
131 163 1
133 163 1
134 163 1
136 163 1
137 163 1
146 163 1
149 163 1
154 163 1
157 163 1
161 163 1
1 164 1
2 164 1
3 164 1
7 164 1
14 164 1
15 164 1
16 164 1
19 164 1
22 164 1
25 164 1
28 164 1
29 164 1
30 164 1
33 164 1
34 164 1
35 164 1
36 164 1
37 164 1
39 164 1
42 164 1
44 164 1
45 164 1
49 164 1
50 164 1
52 164 1
55 164 1
57 164 1
61 164 1
62 164 1
63 164 1
65 164 1
68 164 1
69 164 1
73 164 1
74 164 1
75 164 1
76 164 1
78 164 1
81 164 1
83 164 1
85 164 1
93 164 1
94 164 1
97 164 1
98 164 1
101 164 1
103 164 1
104 164 1
107 164 1
111 164 1
113 164 1
115 164 1
117 164 1
119 164 1
120 164 1
121 164 1
122 164 1
123 164 1
124 164 1
126 164 1
127 164 1
131 164 1
134 164 1
135 164 1
136 164 1
138 164 1
140 164 1
141 164 1
144 164 1
145 164 1
150 164 1
151 164 1
152 164 1
153 164 1
155 164 1
157 164 1
158 164 1
159 164 1
160 164 1
162 164 1
1 165 1
5 165 1
8 165 1
9 165 1
13 165 1
17 165 1
18 165 1
19 165 1
20 165 1
24 165 1
27 165 1
28 165 1
31 165 1
36 165 1
41 165 1
44 165 1
45 165 1
51 165 1
52 165 1
59 165 1
60 165 1
62 165 1
65 165 1
67 165 1
68 165 1
73 165 1
75 165 1
76 165 1
77 165 1
78 165 1
82 165 1
92 165 1
93 165 1
94 165 1
96 165 1
97 165 1
106 165 1
107 165 1
110 165 1
112 165 1
117 165 1
118 165 1
121 165 1
126 165 1
130 165 1
133 165 1
135 165 1
136 165 1
137 165 1
138 165 1
139 165 1
140 165 1
142 165 1
145 165 1
149 165 1
150 165 1
151 165 1
153 165 1
163 165 1
164 165 1
4 166 1
8 166 1
10 166 1
12 166 1
13 166 1
21 166 1
23 166 1
26 166 1
27 166 1
28 166 1
31 166 1
33 166 1
39 166 1
41 166 1
42 166 1
44 166 1
51 166 1
52 166 1
54 166 1
56 166 1
59 166 1
60 166 1
63 166 1
65 166 1
68 166 1
71 166 1
74 166 1
81 166 1
84 166 1
87 166 1
88 166 1
90 166 1
93 166 1
94 166 1
96 166 1
97 166 1
102 166 1
103 166 1
107 166 1
108 166 1
111 166 1
113 166 1
114 166 1
118 166 1
125 166 1
128 166 1
130 166 1
131 166 1
132 166 1
134 166 1
138 166 1
139 166 1
140 166 1
143 166 1
146 166 1
153 166 1
155 166 1
156 166 1
163 166 1
2 167 1
3 167 1
5 167 1
6 167 1
7 167 1
8 167 1
9 167 1
12 167 1
17 167 1
19 167 1
20 167 1
22 167 1
24 167 1
27 167 1
30 167 1
32 167 1
33 167 1
34 167 1
40 167 1
42 167 1
46 167 1
49 167 1
51 167 1
52 167 1
53 167 1
54 167 1
55 167 1
57 167 1
60 167 1
62 167 1
63 167 1
65 167 1
68 167 1
75 167 1
77 167 1
79 167 1
81 167 1
84 167 1
85 167 1
86 167 1
87 167 1
88 167 1
96 167 1
98 167 1
100 167 1
102 167 1
104 167 1
105 167 1
106 167 1
108 167 1
110 167 1
111 167 1
112 167 1
113 167 1
114 167 1
115 167 1
116 167 1
117 167 1
118 167 1
125 167 1
129 167 1
131 167 1
133 167 1
137 167 1
139 167 1
140 167 1
143 167 1
147 167 1
150 167 1
152 167 1
154 167 1
155 167 1
156 167 1
158 167 1
159 167 1
162 167 1
165 167 1
1 168 1
5 168 1
11 168 1
12 168 1
14 168 1
15 168 1
18 168 1
20 168 1
22 168 1
23 168 1
24 168 1
27 168 1
33 168 1
36 168 1
37 168 1
38 168 1
40 168 1
45 168 1
47 168 1
48 168 1
50 168 1
53 168 1
55 168 1
56 168 1
58 168 1
61 168 1
62 168 1
71 168 1
75 168 1
79 168 1
82 168 1
87 168 1
89 168 1
95 168 1
97 168 1
98 168 1
102 168 1
106 168 1
108 168 1
110 168 1
113 168 1
118 168 1
122 168 1
129 168 1
132 168 1
137 168 1
140 168 1
141 168 1
151 168 1
153 168 1
160 168 1
161 168 1
167 168 1
3 169 1
8 169 1
10 169 1
12 169 1
13 169 1
17 169 1
19 169 1
21 169 1
25 169 1
29 169 1
33 169 1
37 169 1
40 169 1
42 169 1
43 169 1
46 169 1
47 169 1
49 169 1
50 169 1
57 169 1
59 169 1
60 169 1
61 169 1
63 169 1
70 169 1
71 169 1
73 169 1
77 169 1
78 169 1
80 169 1
84 169 1
85 169 1
88 169 1
89 169 1
90 169 1
92 169 1
94 169 1
95 169 1
97 169 1
108 169 1
111 169 1
113 169 1
114 169 1
115 169 1
116 169 1
117 169 1
118 169 1
124 169 1
129 169 1
131 169 1
135 169 1
138 169 1
139 169 1
142 169 1
145 169 1
147 169 1
150 169 1
151 169 1
154 169 1
157 169 1
161 169 1
162 169 1
164 169 1
165 169 1
166 169 1
167 169 1
3 170 1
8 170 1
10 170 1
27 170 1
28 170 1
30 170 1
33 170 1
38 170 1
40 170 1
41 170 1
43 170 1
45 170 1
46 170 1
47 170 1
50 170 1
53 170 1
57 170 1
62 170 1
63 170 1
64 170 1
65 170 1
68 170 1
70 170 1
72 170 1
74 170 1
80 170 1
81 170 1
85 170 1
87 170 1
88 170 1
89 170 1
91 170 1
93 170 1
96 170 1
97 170 1
98 170 1
102 170 1
103 170 1
110 170 1
111 170 1
116 170 1
117 170 1
124 170 1
125 170 1
126 170 1
127 170 1
128 170 1
130 170 1
131 170 1
132 170 1
133 170 1
135 170 1
137 170 1
141 170 1
142 170 1
143 170 1
145 170 1
146 170 1
147 170 1
148 170 1
151 170 1
159 170 1
4 171 1
5 171 1
6 171 1
8 171 1
9 171 1
11 171 1
14 171 1
15 171 1
27 171 1
37 171 1
39 171 1
41 171 1
42 171 1
46 171 1
47 171 1
49 171 1
50 171 1
51 171 1
52 171 1
53 171 1
55 171 1
61 171 1
63 171 1
64 171 1
75 171 1
78 171 1
84 171 1
86 171 1
88 171 1
90 171 1
94 171 1
95 171 1
96 171 1
103 171 1
108 171 1
109 171 1
110 171 1
115 171 1
118 171 1
122 171 1
124 171 1
125 171 1
130 171 1
134 171 1
136 171 1
139 171 1
140 171 1
144 171 1
147 171 1
148 171 1
155 171 1
159 171 1
162 171 1
165 171 1
169 171 1
170 171 1
2 172 1
3 172 1
10 172 1
11 172 1
13 172 1
14 172 1
17 172 1
18 172 1
21 172 1
23 172 1
24 172 1
25 172 1
27 172 1
30 172 1
34 172 1
36 172 1
38 172 1
39 172 1
43 172 1
45 172 1
48 172 1
49 172 1
54 172 1
55 172 1
58 172 1
63 172 1
64 172 1
66 172 1
68 172 1
71 172 1
72 172 1
73 172 1
76 172 1
78 172 1
79 172 1
84 172 1
85 172 1
86 172 1
90 172 1
93 172 1
98 172 1
99 172 1
101 172 1
104 172 1
113 172 1
115 172 1
117 172 1
118 172 1
120 172 1
122 172 1
125 172 1
126 172 1
127 172 1
128 172 1
129 172 1
130 172 1
134 172 1
135 172 1
137 172 1
139 172 1
149 172 1
150 172 1
151 172 1
154 172 1
155 172 1
156 172 1
157 172 1
160 172 1
161 172 1
167 172 1
169 172 1
170 172 1
2 173 1
4 173 1
7 173 1
9 173 1
10 173 1
12 173 1
23 173 1
30 173 1
33 173 1
34 173 1
35 173 1
38 173 1
40 173 1
41 173 1
42 173 1
46 173 1
47 173 1
49 173 1
51 173 1
55 173 1
57 173 1
60 173 1
61 173 1
62 173 1
64 173 1
65 173 1
69 173 1
71 173 1
72 173 1
74 173 1
75 173 1
77 173 1
78 173 1
79 173 1
82 173 1
84 173 1
86 173 1
92 173 1
97 173 1
98 173 1
99 173 1
100 173 1
101 173 1
104 173 1
105 173 1
107 173 1
108 173 1
111 173 1
115 173 1
118 173 1
121 173 1
123 173 1
125 173 1
128 173 1
129 173 1
131 173 1
136 173 1
138 173 1
141 173 1
144 173 1
148 173 1
150 173 1
152 173 1
156 173 1
157 173 1
159 173 1
163 173 1
166 173 1
167 173 1
169 173 1
170 173 1
1 174 1
11 174 1
14 174 1
16 174 1
18 174 1
23 174 1
26 174 1
29 174 1
31 174 1
32 174 1
36 174 1
39 174 1
42 174 1
44 174 1
49 174 1
50 174 1
54 174 1
55 174 1
59 174 1
61 174 1
64 174 1
66 174 1
69 174 1
70 174 1
75 174 1
77 174 1
78 174 1
79 174 1
80 174 1
81 174 1
84 174 1
85 174 1
87 174 1
89 174 1
90 174 1
92 174 1
94 174 1
97 174 1
98 174 1
101 174 1
107 174 1
108 174 1
109 174 1
111 174 1
112 174 1
114 174 1
116 174 1
118 174 1
119 174 1
120 174 1
123 174 1
126 174 1
129 174 1
137 174 1
139 174 1
140 174 1
143 174 1
144 174 1
147 174 1
150 174 1
152 174 1
157 174 1
160 174 1
166 174 1
167 174 1
169 174 1
1 175 1
2 175 1
3 175 1
4 175 1
5 175 1
9 175 1
10 175 1
12 175 1
14 175 1
16 175 1
17 175 1
18 175 1
21 175 1
26 175 1
27 175 1
29 175 1
30 175 1
33 175 1
36 175 1
38 175 1
39 175 1
42 175 1
49 175 1
52 175 1
55 175 1
57 175 1
65 175 1
67 175 1
69 175 1
80 175 1
82 175 1
85 175 1
87 175 1
88 175 1
94 175 1
96 175 1
97 175 1
98 175 1
99 175 1
100 175 1
101 175 1
103 175 1
104 175 1
106 175 1
108 175 1
112 175 1
118 175 1
119 175 1
120 175 1
126 175 1
127 175 1
130 175 1
131 175 1
138 175 1
143 175 1
145 175 1
146 175 1
147 175 1
148 175 1
151 175 1
153 175 1
166 175 1
168 175 1
170 175 1
171 175 1
1 176 1
2 176 1
4 176 1
5 176 1
9 176 1
13 176 1
14 176 1
18 176 1
19 176 1
23 176 1
24 176 1
28 176 1
30 176 1
31 176 1
33 176 1
35 176 1
39 176 1
41 176 1
43 176 1
48 176 1
58 176 1
61 176 1
63 176 1
64 176 1
67 176 1
72 176 1
73 176 1
74 176 1
79 176 1
80 176 1
82 176 1
84 176 1
88 176 1
89 176 1
90 176 1
93 176 1
100 176 1
102 176 1
103 176 1
104 176 1
105 176 1
110 176 1
111 176 1
115 176 1
117 176 1
120 176 1
121 176 1
122 176 1
124 176 1
125 176 1
128 176 1
129 176 1
131 176 1
135 176 1
138 176 1
144 176 1
146 176 1
148 176 1
149 176 1
151 176 1
160 176 1
161 176 1
165 176 1
166 176 1
169 176 1
174 176 1
175 176 1
1 177 1
12 177 1
14 177 1
17 177 1
19 177 1
21 177 1
24 177 1
26 177 1
27 177 1
28 177 1
36 177 1
37 177 1
38 177 1
39 177 1
43 177 1
44 177 1
46 177 1
52 177 1
53 177 1
54 177 1
56 177 1
60 177 1
61 177 1
65 177 1
66 177 1
67 177 1
68 177 1
71 177 1
76 177 1
78 177 1
79 177 1
84 177 1
89 177 1
91 177 1
95 177 1
97 177 1
98 177 1
100 177 1
103 177 1
105 177 1
107 177 1
115 177 1
119 177 1
120 177 1
123 177 1
124 177 1
125 177 1
129 177 1
131 177 1
134 177 1
136 177 1
141 177 1
143 177 1
144 177 1
146 177 1
149 177 1
154 177 1
155 177 1
161 177 1
168 177 1
170 177 1
171 177 1
172 177 1
176 177 1
2 178 1
4 178 1
10 178 1
12 178 1
14 178 1
18 178 1
19 178 1
21 178 1
26 178 1
31 178 1
34 178 1
36 178 1
41 178 1
49 178 1
52 178 1
53 178 1
56 178 1
57 178 1
58 178 1
62 178 1
63 178 1
67 178 1
68 178 1
73 178 1
79 178 1
80 178 1
81 178 1
83 178 1
86 178 1
87 178 1
91 178 1
93 178 1
103 178 1
106 178 1
107 178 1
110 178 1
111 178 1
118 178 1
120 178 1
123 178 1
124 178 1
125 178 1
126 178 1
129 178 1
132 178 1
133 178 1
137 178 1
139 178 1
140 178 1
141 178 1
142 178 1
143 178 1
147 178 1
149 178 1
150 178 1
159 178 1
162 178 1
163 178 1
169 178 1
3 179 1
8 179 1
12 179 1
14 179 1
15 179 1
16 179 1
18 179 1
19 179 1
26 179 1
33 179 1
37 179 1
38 179 1
45 179 1
46 179 1
49 179 1
50 179 1
52 179 1
53 179 1
56 179 1
57 179 1
60 179 1
61 179 1
63 179 1
65 179 1
68 179 1
70 179 1
72 179 1
77 179 1
78 179 1
80 179 1
83 179 1
88 179 1
89 179 1
91 179 1
93 179 1
95 179 1
99 179 1
101 179 1
103 179 1
104 179 1
105 179 1
106 179 1
109 179 1
111 179 1
116 179 1
117 179 1
118 179 1
119 179 1
121 179 1
127 179 1
130 179 1
133 179 1
140 179 1
146 179 1
149 179 1
155 179 1
162 179 1
170 179 1
171 179 1
172 179 1
1 180 1
3 180 1
7 180 1
8 180 1
13 180 1
19 180 1
20 180 1
23 180 1
34 180 1
39 180 1
49 180 1
52 180 1
53 180 1
54 180 1
55 180 1
57 180 1
59 180 1
60 180 1
65 180 1
66 180 1
67 180 1
68 180 1
70 180 1
71 180 1
74 180 1
76 180 1
78 180 1
79 180 1
80 180 1
83 180 1
85 180 1
90 180 1
92 180 1
99 180 1
102 180 1
103 180 1
105 180 1
106 180 1
111 180 1
113 180 1
114 180 1
115 180 1
116 180 1
118 180 1
121 180 1
122 180 1
123 180 1
124 180 1
126 180 1
127 180 1
128 180 1
130 180 1
133 180 1
134 180 1
136 180 1
137 180 1
138 180 1
143 180 1
147 180 1
151 180 1
152 180 1
153 180 1
154 180 1
160 180 1
162 180 1
166 180 1
167 180 1
169 180 1
171 180 1
172 180 1
177 180 1
179 180 1
1 181 1
6 181 1
10 181 1
11 181 1
14 181 1
15 181 1
20 181 1
22 181 1
24 181 1
26 181 1
27 181 1
29 181 1
34 181 1
35 181 1
40 181 1
44 181 1
46 181 1
47 181 1
48 181 1
55 181 1
56 181 1
57 181 1
60 181 1
61 181 1
62 181 1
65 181 1
66 181 1
69 181 1
70 181 1
72 181 1
73 181 1
76 181 1
84 181 1
85 181 1
86 181 1
87 181 1
94 181 1
96 181 1
99 181 1
103 181 1
105 181 1
106 181 1
114 181 1
117 181 1
120 181 1
121 181 1
122 181 1
123 181 1
124 181 1
129 181 1
131 181 1
132 181 1
133 181 1
134 181 1
135 181 1
136 181 1
138 181 1
139 181 1
141 181 1
144 181 1
154 181 1
156 181 1
157 181 1
166 181 1
168 181 1
171 181 1
175 181 1
178 181 1
180 181 1
1 182 1
2 182 1
4 182 1
5 182 1
8 182 1
9 182 1
11 182 1
13 182 1
17 182 1
18 182 1
19 182 1
23 182 1
25 182 1
26 182 1
28 182 1
33 182 1
36 182 1
42 182 1
45 182 1
49 182 1
50 182 1
58 182 1
61 182 1
62 182 1
65 182 1
67 182 1
69 182 1
74 182 1
75 182 1
76 182 1
77 182 1
80 182 1
84 182 1
86 182 1
90 182 1
92 182 1
94 182 1
95 182 1
98 182 1
99 182 1
100 182 1
103 182 1
105 182 1
106 182 1
107 182 1
109 182 1
111 182 1
113 182 1
114 182 1
115 182 1
118 182 1
119 182 1
122 182 1
123 182 1
125 182 1
127 182 1
129 182 1
134 182 1
135 182 1
137 182 1
138 182 1
139 182 1
142 182 1
144 182 1
147 182 1
149 182 1
153 182 1
154 182 1
155 182 1
158 182 1
159 182 1
161 182 1
162 182 1
165 182 1
169 182 1
173 182 1
178 182 1
180 182 1
1 183 1
11 183 1
12 183 1
15 183 1
18 183 1
20 183 1
25 183 1
32 183 1
35 183 1
36 183 1
37 183 1
38 183 1
39 183 1
42 183 1
43 183 1
46 183 1
47 183 1
48 183 1
50 183 1
53 183 1
58 183 1
59 183 1
62 183 1
65 183 1
66 183 1
67 183 1
70 183 1
72 183 1
76 183 1
77 183 1
80 183 1
86 183 1
87 183 1
89 183 1
90 183 1
91 183 1
92 183 1
93 183 1
96 183 1
99 183 1
102 183 1
108 183 1
114 183 1
115 183 1
116 183 1
118 183 1
119 183 1
121 183 1
124 183 1
127 183 1
131 183 1
132 183 1
134 183 1
135 183 1
137 183 1
138 183 1
143 183 1
144 183 1
145 183 1
146 183 1
149 183 1
152 183 1
155 183 1
158 183 1
159 183 1
160 183 1
165 183 1
166 183 1
167 183 1
174 183 1
179 183 1
181 183 1
4 184 1
7 184 1
8 184 1
10 184 1
13 184 1
14 184 1
15 184 1
16 184 1
18 184 1
21 184 1
23 184 1
25 184 1
27 184 1
28 184 1
31 184 1
33 184 1
35 184 1
37 184 1
44 184 1
45 184 1
47 184 1
49 184 1
50 184 1
51 184 1
53 184 1
58 184 1
62 184 1
63 184 1
69 184 1
77 184 1
79 184 1
83 184 1
84 184 1
89 184 1
91 184 1
93 184 1
96 184 1
99 184 1
102 184 1
103 184 1
108 184 1
109 184 1
112 184 1
115 184 1
118 184 1
119 184 1
120 184 1
124 184 1
125 184 1
126 184 1
131 184 1
134 184 1
142 184 1
144 184 1
146 184 1
151 184 1
152 184 1
154 184 1
156 184 1
158 184 1
159 184 1
162 184 1
163 184 1
164 184 1
177 184 1
178 184 1
180 184 1
181 184 1
182 184 1
2 185 1
6 185 1
8 185 1
11 185 1
13 185 1
14 185 1
15 185 1
18 185 1
20 185 1
21 185 1
22 185 1
23 185 1
26 185 1
28 185 1
29 185 1
34 185 1
37 185 1
43 185 1
44 185 1
45 185 1
48 185 1
49 185 1
52 185 1
54 185 1
58 185 1
61 185 1
64 185 1
66 185 1
71 185 1
78 185 1
80 185 1
82 185 1
83 185 1
84 185 1
91 185 1
92 185 1
93 185 1
98 185 1
99 185 1
100 185 1
101 185 1
104 185 1
105 185 1
107 185 1
109 185 1
112 185 1
116 185 1
117 185 1
118 185 1
123 185 1
128 185 1
132 185 1
133 185 1
134 185 1
140 185 1
141 185 1
143 185 1
144 185 1
147 185 1
148 185 1
150 185 1
154 185 1
156 185 1
157 185 1
160 185 1
165 185 1
166 185 1
168 185 1
169 185 1
170 185 1
172 185 1
173 185 1
174 185 1
175 185 1
177 185 1
178 185 1
179 185 1
182 185 1
184 185 1
3 186 1
4 186 1
8 186 1
10 186 1
12 186 1
17 186 1
18 186 1
22 186 1
23 186 1
24 186 1
25 186 1
29 186 1
30 186 1
35 186 1
51 186 1
53 186 1
54 186 1
55 186 1
56 186 1
57 186 1
59 186 1
60 186 1
61 186 1
63 186 1
64 186 1
65 186 1
68 186 1
72 186 1
73 186 1
74 186 1
77 186 1
78 186 1
80 186 1
84 186 1
87 186 1
93 186 1
94 186 1
99 186 1
102 186 1
104 186 1
105 186 1
108 186 1
109 186 1
112 186 1
113 186 1
114 186 1
120 186 1
122 186 1
126 186 1
133 186 1
135 186 1
137 186 1
150 186 1
151 186 1
153 186 1
154 186 1
159 186 1
161 186 1
162 186 1
165 186 1
175 186 1
176 186 1
180 186 1
181 186 1
182 186 1
184 186 1
1 187 1
2 187 1
3 187 1
7 187 1
8 187 1
10 187 1
17 187 1
19 187 1
26 187 1
27 187 1
28 187 1
30 187 1
33 187 1
35 187 1
39 187 1
40 187 1
41 187 1
42 187 1
44 187 1
47 187 1
50 187 1
51 187 1
52 187 1
54 187 1
57 187 1
59 187 1
61 187 1
64 187 1
67 187 1
80 187 1
82 187 1
89 187 1
93 187 1
94 187 1
96 187 1
98 187 1
104 187 1
105 187 1
107 187 1
113 187 1
114 187 1
115 187 1
116 187 1
117 187 1
118 187 1
121 187 1
125 187 1
129 187 1
131 187 1
133 187 1
137 187 1
139 187 1
141 187 1
146 187 1
149 187 1
151 187 1
152 187 1
153 187 1
155 187 1
157 187 1
158 187 1
159 187 1
161 187 1
163 187 1
164 187 1
166 187 1
168 187 1
173 187 1
174 187 1
176 187 1
177 187 1
183 187 1
185 187 1
186 187 1
2 188 1
4 188 1
8 188 1
11 188 1
12 188 1
15 188 1
17 188 1
19 188 1
22 188 1
26 188 1
31 188 1
36 188 1
37 188 1
41 188 1
43 188 1
45 188 1
48 188 1
51 188 1
52 188 1
55 188 1
56 188 1
58 188 1
60 188 1
61 188 1
64 188 1
73 188 1
77 188 1
80 188 1
81 188 1
82 188 1
83 188 1
86 188 1
87 188 1
89 188 1
91 188 1
92 188 1
93 188 1
94 188 1
97 188 1
100 188 1
104 188 1
106 188 1
107 188 1
109 188 1
110 188 1
113 188 1
114 188 1
117 188 1
120 188 1
123 188 1
126 188 1
134 188 1
136 188 1
137 188 1
140 188 1
143 188 1
144 188 1
145 188 1
146 188 1
148 188 1
150 188 1
153 188 1
156 188 1
157 188 1
158 188 1
159 188 1
161 188 1
166 188 1
167 188 1
171 188 1
172 188 1
175 188 1
177 188 1
178 188 1
179 188 1
180 188 1
181 188 1
186 188 1
3 189 1
5 189 1
13 189 1
14 189 1
18 189 1
20 189 1
25 189 1
27 189 1
28 189 1
31 189 1
33 189 1
36 189 1
37 189 1
43 189 1
45 189 1
50 189 1
51 189 1
52 189 1
53 189 1
57 189 1
60 189 1
62 189 1
63 189 1
67 189 1
68 189 1
70 189 1
73 189 1
77 189 1
78 189 1
80 189 1
88 189 1
89 189 1
91 189 1
95 189 1
96 189 1
100 189 1
108 189 1
111 189 1
112 189 1
115 189 1
118 189 1
119 189 1
120 189 1
121 189 1
124 189 1
126 189 1
128 189 1
130 189 1
133 189 1
147 189 1
148 189 1
152 189 1
153 189 1
156 189 1
160 189 1
162 189 1
168 189 1
171 189 1
172 189 1
175 189 1
176 189 1
177 189 1
178 189 1
179 189 1
180 189 1
181 189 1
182 189 1
186 189 1
187 189 1
2 190 1
5 190 1
6 190 1
7 190 1
8 190 1
9 190 1
10 190 1
16 190 1
17 190 1
19 190 1
21 190 1
23 190 1
27 190 1
31 190 1
32 190 1
35 190 1
38 190 1
41 190 1
43 190 1
45 190 1
46 190 1
47 190 1
49 190 1
51 190 1
55 190 1
56 190 1
59 190 1
61 190 1
62 190 1
67 190 1
72 190 1
73 190 1
75 190 1
76 190 1
80 190 1
83 190 1
87 190 1
89 190 1
91 190 1
95 190 1
98 190 1
99 190 1
100 190 1
104 190 1
107 190 1
111 190 1
117 190 1
120 190 1
121 190 1
125 190 1
127 190 1
128 190 1
129 190 1
131 190 1
133 190 1
137 190 1
138 190 1
145 190 1
146 190 1
149 190 1
152 190 1
153 190 1
154 190 1
155 190 1
157 190 1
158 190 1
162 190 1
164 190 1
166 190 1
167 190 1
169 190 1
173 190 1
176 190 1
177 190 1
182 190 1
183 190 1
185 190 1
187 190 1
2 191 1
3 191 1
4 191 1
6 191 1
7 191 1
10 191 1
12 191 1
15 191 1
18 191 1
19 191 1
20 191 1
22 191 1
23 191 1
25 191 1
26 191 1
27 191 1
28 191 1
29 191 1
31 191 1
37 191 1
39 191 1
40 191 1
41 191 1
49 191 1
53 191 1
56 191 1
57 191 1
58 191 1
59 191 1
60 191 1
63 191 1
64 191 1
65 191 1
66 191 1
67 191 1
78 191 1
79 191 1
83 191 1
86 191 1
89 191 1
90 191 1
92 191 1
97 191 1
98 191 1
100 191 1
101 191 1
103 191 1
106 191 1
108 191 1
109 191 1
113 191 1
116 191 1
117 191 1
122 191 1
126 191 1
129 191 1
130 191 1
136 191 1
137 191 1
141 191 1
144 191 1
148 191 1
149 191 1
150 191 1
152 191 1
154 191 1
161 191 1
162 191 1
165 191 1
169 191 1
170 191 1
174 191 1
175 191 1
177 191 1
179 191 1
183 191 1
185 191 1
187 191 1
188 191 1
2 192 1
3 192 1
8 192 1
9 192 1
14 192 1
15 192 1
17 192 1
24 192 1
25 192 1
27 192 1
28 192 1
29 192 1
30 192 1
31 192 1
32 192 1
36 192 1
38 192 1
39 192 1
40 192 1
41 192 1
42 192 1
44 192 1
45 192 1
51 192 1
53 192 1
54 192 1
59 192 1
61 192 1
62 192 1
66 192 1
70 192 1
71 192 1
73 192 1
76 192 1
78 192 1
79 192 1
83 192 1
85 192 1
86 192 1
88 192 1
91 192 1
97 192 1
103 192 1
107 192 1
111 192 1
112 192 1
113 192 1
119 192 1
121 192 1
123 192 1
125 192 1
127 192 1
128 192 1
129 192 1
135 192 1
136 192 1
138 192 1
140 192 1
141 192 1
144 192 1
150 192 1
152 192 1
155 192 1
156 192 1
157 192 1
158 192 1
162 192 1
167 192 1
169 192 1
173 192 1
175 192 1
176 192 1
177 192 1
181 192 1
184 192 1
185 192 1
188 192 1
2 193 1
6 193 1
8 193 1
9 193 1
11 193 1
18 193 1
19 193 1
21 193 1
24 193 1
25 193 1
27 193 1
30 193 1
34 193 1
39 193 1
44 193 1
45 193 1
46 193 1
48 193 1
52 193 1
56 193 1
58 193 1
62 193 1
65 193 1
66 193 1
67 193 1
71 193 1
72 193 1
76 193 1
77 193 1
78 193 1
79 193 1
83 193 1
84 193 1
85 193 1
88 193 1
89 193 1
90 193 1
94 193 1
97 193 1
98 193 1
100 193 1
107 193 1
109 193 1
110 193 1
111 193 1
112 193 1
117 193 1
118 193 1
119 193 1
120 193 1
123 193 1
125 193 1
126 193 1
127 193 1
128 193 1
131 193 1
136 193 1
138 193 1
139 193 1
140 193 1
141 193 1
149 193 1
150 193 1
151 193 1
156 193 1
158 193 1
161 193 1
165 193 1
168 193 1
171 193 1
172 193 1
174 193 1
177 193 1
179 193 1
183 193 1
186 193 1
3 194 1
6 194 1
10 194 1
11 194 1
13 194 1
16 194 1
20 194 1
22 194 1
23 194 1
24 194 1
26 194 1
27 194 1
29 194 1
31 194 1
34 194 1
37 194 1
38 194 1
42 194 1
47 194 1
49 194 1
55 194 1
56 194 1
59 194 1
62 194 1
65 194 1
66 194 1
67 194 1
71 194 1
74 194 1
75 194 1
77 194 1
79 194 1
81 194 1
82 194 1
85 194 1
87 194 1
97 194 1
98 194 1
100 194 1
106 194 1
108 194 1
109 194 1
111 194 1
114 194 1
115 194 1
117 194 1
118 194 1
121 194 1
124 194 1
125 194 1
129 194 1
131 194 1
132 194 1
134 194 1
136 194 1
141 194 1
142 194 1
148 194 1
151 194 1
156 194 1
161 194 1
165 194 1
167 194 1
169 194 1
172 194 1
173 194 1
176 194 1
180 194 1
184 194 1
193 194 1
7 195 1
8 195 1
13 195 1
18 195 1
21 195 1
23 195 1
24 195 1
26 195 1
27 195 1
29 195 1
31 195 1
33 195 1
34 195 1
37 195 1
38 195 1
41 195 1
44 195 1
50 195 1
52 195 1
54 195 1
60 195 1
61 195 1
63 195 1
64 195 1
68 195 1
69 195 1
71 195 1
72 195 1
74 195 1
75 195 1
79 195 1
80 195 1
82 195 1
83 195 1
85 195 1
86 195 1
87 195 1
88 195 1
90 195 1
92 195 1
94 195 1
98 195 1
102 195 1
103 195 1
108 195 1
110 195 1
111 195 1
112 195 1
114 195 1
117 195 1
118 195 1
120 195 1
121 195 1
123 195 1
124 195 1
130 195 1
133 195 1
138 195 1
144 195 1
145 195 1
149 195 1
151 195 1
153 195 1
155 195 1
157 195 1
159 195 1
161 195 1
163 195 1
166 195 1
171 195 1
175 195 1
178 195 1
186 195 1
189 195 1
191 195 1
192 195 1
194 195 1
3 196 1
7 196 1
8 196 1
10 196 1
11 196 1
13 196 1
14 196 1
18 196 1
23 196 1
24 196 1
26 196 1
27 196 1
28 196 1
31 196 1
32 196 1
33 196 1
41 196 1
44 196 1
46 196 1
50 196 1
51 196 1
62 196 1
64 196 1
65 196 1
68 196 1
70 196 1
71 196 1
72 196 1
74 196 1
77 196 1
81 196 1
82 196 1
84 196 1
86 196 1
93 196 1
96 196 1
97 196 1
101 196 1
102 196 1
106 196 1
112 196 1
114 196 1
120 196 1
123 196 1
124 196 1
125 196 1
126 196 1
127 196 1
131 196 1
135 196 1
137 196 1
140 196 1
141 196 1
146 196 1
154 196 1
155 196 1
161 196 1
162 196 1
170 196 1
171 196 1
174 196 1
175 196 1
178 196 1
180 196 1
181 196 1
182 196 1
185 196 1
186 196 1
189 196 1
190 196 1
194 196 1
2 197 1
10 197 1
11 197 1
12 197 1
13 197 1
14 197 1
16 197 1
19 197 1
31 197 1
32 197 1
34 197 1
38 197 1
43 197 1
45 197 1
46 197 1
48 197 1
49 197 1
51 197 1
56 197 1
57 197 1
59 197 1
60 197 1
62 197 1
63 197 1
68 197 1
70 197 1
71 197 1
72 197 1
75 197 1
77 197 1
82 197 1
85 197 1
88 197 1
89 197 1
96 197 1
99 197 1
101 197 1
103 197 1
108 197 1
109 197 1
110 197 1
115 197 1
116 197 1
121 197 1
127 197 1
129 197 1
130 197 1
133 197 1
134 197 1
138 197 1
139 197 1
141 197 1
150 197 1
151 197 1
152 197 1
158 197 1
159 197 1
163 197 1
169 197 1
171 197 1
172 197 1
174 197 1
175 197 1
176 197 1
178 197 1
183 197 1
186 197 1
189 197 1
191 197 1
193 197 1
2 198 1
4 198 1
8 198 1
9 198 1
10 198 1
12 198 1
18 198 1
19 198 1
21 198 1
22 198 1
24 198 1
25 198 1
32 198 1
33 198 1
36 198 1
38 198 1
41 198 1
42 198 1
44 198 1
49 198 1
53 198 1
54 198 1
57 198 1
58 198 1
59 198 1
60 198 1
61 198 1
63 198 1
67 198 1
71 198 1
75 198 1
76 198 1
78 198 1
79 198 1
80 198 1
82 198 1
85 198 1
88 198 1
94 198 1
95 198 1
102 198 1
103 198 1
107 198 1
109 198 1
110 198 1
113 198 1
114 198 1
116 198 1
120 198 1
121 198 1
122 198 1
123 198 1
125 198 1
126 198 1
129 198 1
130 198 1
134 198 1
137 198 1
140 198 1
141 198 1
143 198 1
146 198 1
150 198 1
153 198 1
154 198 1
155 198 1
156 198 1
158 198 1
159 198 1
160 198 1
167 198 1
172 198 1
174 198 1
176 198 1
178 198 1
179 198 1
182 198 1
191 198 1
192 198 1
195 198 1
197 198 1
3 199 1
9 199 1
10 199 1
11 199 1
12 199 1
14 199 1
16 199 1
17 199 1
18 199 1
19 199 1
24 199 1
29 199 1
30 199 1
31 199 1
32 199 1
34 199 1
35 199 1
38 199 1
39 199 1
41 199 1
44 199 1
46 199 1
47 199 1
52 199 1
54 199 1
55 199 1
56 199 1
57 199 1
58 199 1
60 199 1
61 199 1
64 199 1
66 199 1
67 199 1
68 199 1
69 199 1
74 199 1
81 199 1
86 199 1
89 199 1
90 199 1
92 199 1
97 199 1
99 199 1
101 199 1
107 199 1
110 199 1
113 199 1
115 199 1
116 199 1
122 199 1
125 199 1
135 199 1
136 199 1
137 199 1
138 199 1
141 199 1
149 199 1
150 199 1
153 199 1
155 199 1
159 199 1
162 199 1
164 199 1
167 199 1
169 199 1
170 199 1
171 199 1
179 199 1
180 199 1
182 199 1
185 199 1
190 199 1
193 199 1
194 199 1
195 199 1
198 199 1
1 200 1
2 200 1
4 200 1
8 200 1
9 200 1
11 200 1
12 200 1
14 200 1
15 200 1
18 200 1
20 200 1
22 200 1
23 200 1
27 200 1
29 200 1
30 200 1
32 200 1
34 200 1
40 200 1
42 200 1
44 200 1
46 200 1
48 200 1
49 200 1
52 200 1
53 200 1
55 200 1
61 200 1
62 200 1
67 200 1
68 200 1
69 200 1
71 200 1
72 200 1
79 200 1
80 200 1
83 200 1
84 200 1
89 200 1
101 200 1
102 200 1
107 200 1
108 200 1
110 200 1
111 200 1
116 200 1
117 200 1
119 200 1
120 200 1
123 200 1
124 200 1
127 200 1
130 200 1
132 200 1
133 200 1
135 200 1
140 200 1
143 200 1
144 200 1
145 200 1
148 200 1
149 200 1
152 200 1
153 200 1
157 200 1
165 200 1
166 200 1
168 200 1
169 200 1
171 200 1
177 200 1
183 200 1
186 200 1
187 200 1
190 200 1
193 200 1
197 200 1
198 200 1
