150 4452
1 3 1
2 4 1
3 4 1
2 5 1
4 5 1
3 6 1
4 6 1
5 6 1
1 7 1
5 7 1
6 7 1
1 8 1
2 8 1
6 8 1
2 9 1
4 9 1
5 9 1
1 10 1
5 10 1
9 10 1
1 11 1
4 11 1
6 11 1
9 11 1
1 12 1
2 12 1
3 12 1
4 12 1
9 12 1
11 12 1
1 13 1
2 13 1
3 13 1
7 13 1
8 13 1
11 13 1
12 13 1
1 14 1
2 14 1
4 14 1
5 14 1
7 14 1
8 14 1
10 14 1
7 15 1
9 15 1
11 15 1
2 16 1
4 16 1
6 16 1
9 16 1
10 16 1
12 16 1
14 16 1
3 17 1
4 17 1
5 17 1
7 17 1
9 17 1
10 17 1
14 17 1
15 17 1
16 17 1
3 18 1
8 18 1
9 18 1
13 18 1
14 18 1
15 18 1
16 18 1
2 19 1
4 19 1
5 19 1
7 19 1
8 19 1
10 19 1
12 19 1
14 19 1
16 19 1
6 20 1
7 20 1
9 20 1
11 20 1
12 20 1
15 20 1
19 20 1
5 21 1
12 21 1
13 21 1
14 21 1
15 21 1
17 21 1
1 22 1
4 22 1
5 22 1
8 22 1
10 22 1
12 22 1
15 22 1
18 22 1
20 22 1
1 23 1
12 23 1
15 23 1
17 23 1
20 23 1
21 23 1
22 23 1
3 24 1
5 24 1
11 24 1
14 24 1
15 24 1
16 24 1
17 24 1
18 24 1
19 24 1
23 24 1
4 25 1
8 25 1
9 25 1
10 25 1
14 25 1
17 25 1
18 25 1
20 25 1
22 25 1
23 25 1
6 26 1
8 26 1
9 26 1
13 26 1
14 26 1
16 26 1
23 26 1
4 27 1
5 27 1
7 27 1
13 27 1
20 27 1
21 27 1
22 27 1
24 27 1
25 27 1
2 28 1
11 28 1
12 28 1
15 28 1
18 28 1
22 28 1
24 28 1
2 29 1
3 29 1
7 29 1
11 29 1
13 29 1
15 29 1
17 29 1
20 29 1
21 29 1
22 29 1
23 29 1
28 29 1
1 30 1
10 30 1
11 30 1
13 30 1
14 30 1
15 30 1
16 30 1
17 30 1
20 30 1
23 30 1
25 30 1
4 31 1
5 31 1
6 31 1
8 31 1
12 31 1
14 31 1
15 31 1
19 31 1
20 31 1
21 31 1
23 31 1
27 31 1
28 31 1
30 31 1
4 32 1
8 32 1
9 32 1
10 32 1
12 32 1
14 32 1
15 32 1
22 32 1
23 32 1
24 32 1
25 32 1
26 32 1
28 32 1
29 32 1
2 33 1
4 33 1
5 33 1
6 33 1
8 33 1
11 33 1
17 33 1
19 33 1
20 33 1
23 33 1
24 33 1
26 33 1
27 33 1
4 34 1
7 34 1
11 34 1
12 34 1
18 34 1
21 34 1
25 34 1
26 34 1
28 34 1
31 34 1
32 34 1
2 35 1
4 35 1
6 35 1
9 35 1
12 35 1
14 35 1
16 35 1
19 35 1
20 35 1
21 35 1
23 35 1
25 35 1
27 35 1
29 35 1
33 35 1
34 35 1
4 36 1
7 36 1
8 36 1
9 36 1
15 36 1
25 36 1
30 36 1
32 36 1
34 36 1
3 37 1
6 37 1
8 37 1
10 37 1
12 37 1
13 37 1
18 37 1
24 37 1
30 37 1
3 38 1
10 38 1
13 38 1
17 38 1
18 38 1
20 38 1
21 38 1
28 38 1
33 38 1
3 39 1
4 39 1
5 39 1
7 39 1
9 39 1
10 39 1
12 39 1
15 39 1
19 39 1
24 39 1
29 39 1
30 39 1
32 39 1
33 39 1
2 40 1
9 40 1
11 40 1
17 40 1
18 40 1
20 40 1
22 40 1
25 40 1
27 40 1
29 40 1
31 40 1
32 40 1
33 40 1
35 40 1
36 40 1
38 40 1
39 40 1
2 41 1
3 41 1
5 41 1
9 41 1
10 41 1
12 41 1
14 41 1
16 41 1
17 41 1
25 41 1
27 41 1
28 41 1
29 41 1
31 41 1
32 41 1
34 41 1
35 41 1
40 41 1
3 42 1
5 42 1
6 42 1
8 42 1
14 42 1
15 42 1
18 42 1
19 42 1
23 42 1
26 42 1
28 42 1
29 42 1
30 42 1
31 42 1
32 42 1
33 42 1
38 42 1
39 42 1
1 43 1
3 43 1
4 43 1
5 43 1
7 43 1
9 43 1
10 43 1
12 43 1
13 43 1
15 43 1
16 43 1
17 43 1
19 43 1
24 43 1
26 43 1
31 43 1
32 43 1
33 43 1
34 43 1
35 43 1
36 43 1
39 43 1
40 43 1
4 44 1
7 44 1
8 44 1
9 44 1
13 44 1
16 44 1
17 44 1
20 44 1
22 44 1
25 44 1
27 44 1
29 44 1
33 44 1
34 44 1
38 44 1
40 44 1
1 45 1
9 45 1
10 45 1
11 45 1
13 45 1
14 45 1
18 45 1
19 45 1
22 45 1
23 45 1
24 45 1
25 45 1
33 45 1
37 45 1
42 45 1
43 45 1
2 46 1
3 46 1
7 46 1
8 46 1
13 46 1
15 46 1
19 46 1
24 46 1
26 46 1
27 46 1
28 46 1
29 46 1
30 46 1
33 46 1
35 46 1
36 46 1
37 46 1
39 46 1
41 46 1
42 46 1
2 47 1
3 47 1
5 47 1
8 47 1
9 47 1
12 47 1
13 47 1
17 47 1
19 47 1
20 47 1
21 47 1
25 47 1
26 47 1
29 47 1
31 47 1
32 47 1
34 47 1
37 47 1
46 47 1
2 48 1
6 48 1
13 48 1
14 48 1
15 48 1
22 48 1
23 48 1
28 48 1
35 48 1
38 48 1
39 48 1
40 48 1
5 49 1
12 49 1
13 49 1
15 49 1
17 49 1
19 49 1
20 49 1
22 49 1
29 49 1
31 49 1
33 49 1
34 49 1
36 49 1
44 49 1
47 49 1
48 49 1
1 50 1
3 50 1
4 50 1
5 50 1
9 50 1
11 50 1
13 50 1
17 50 1
18 50 1
21 50 1
23 50 1
24 50 1
26 50 1
27 50 1
30 50 1
32 50 1
35 50 1
36 50 1
38 50 1
42 50 1
43 50 1
44 50 1
46 50 1
48 50 1
49 50 1
1 51 1
3 51 1
4 51 1
7 51 1
9 51 1
11 51 1
16 51 1
20 51 1
21 51 1
23 51 1
25 51 1
26 51 1
27 51 1
28 51 1
29 51 1
30 51 1
31 51 1
36 51 1
37 51 1
38 51 1
40 51 1
41 51 1
42 51 1
43 51 1
44 51 1
45 51 1
46 51 1
47 51 1
48 51 1
49 51 1
3 52 1
4 52 1
7 52 1
10 52 1
13 52 1
14 52 1
15 52 1
17 52 1
18 52 1
21 52 1
23 52 1
24 52 1
26 52 1
30 52 1
31 52 1
35 52 1
40 52 1
41 52 1
44 52 1
45 52 1
48 52 1
1 53 1
7 53 1
9 53 1
12 53 1
19 53 1
30 53 1
34 53 1
35 53 1
38 53 1
42 53 1
43 53 1
44 53 1
45 53 1
46 53 1
47 53 1
50 53 1
3 54 1
6 54 1
8 54 1
10 54 1
17 54 1
21 54 1
22 54 1
24 54 1
26 54 1
30 54 1
33 54 1
36 54 1
37 54 1
40 54 1
41 54 1
45 54 1
46 54 1
47 54 1
49 54 1
51 54 1
53 54 1
1 55 1
2 55 1
3 55 1
9 55 1
11 55 1
14 55 1
18 55 1
19 55 1
22 55 1
31 55 1
33 55 1
34 55 1
35 55 1
39 55 1
41 55 1
42 55 1
45 55 1
48 55 1
49 55 1
51 55 1
1 56 1
3 56 1
5 56 1
11 56 1
21 56 1
23 56 1
25 56 1
26 56 1
31 56 1
33 56 1
37 56 1
38 56 1
41 56 1
42 56 1
43 56 1
45 56 1
48 56 1
49 56 1
51 56 1
1 57 1
7 57 1
10 57 1
11 57 1
13 57 1
14 57 1
15 57 1
17 57 1
18 57 1
21 57 1
22 57 1
23 57 1
26 57 1
30 57 1
35 57 1
37 57 1
39 57 1
40 57 1
45 57 1
48 57 1
49 57 1
51 57 1
54 57 1
56 57 1
3 58 1
4 58 1
6 58 1
8 58 1
9 58 1
10 58 1
11 58 1
14 58 1
15 58 1
21 58 1
22 58 1
27 58 1
29 58 1
35 58 1
37 58 1
38 58 1
39 58 1
41 58 1
43 58 1
45 58 1
46 58 1
48 58 1
56 58 1
2 59 1
3 59 1
5 59 1
10 59 1
12 59 1
14 59 1
15 59 1
16 59 1
17 59 1
19 59 1
22 59 1
25 59 1
28 59 1
30 59 1
31 59 1
33 59 1
36 59 1
38 59 1
42 59 1
45 59 1
49 59 1
51 59 1
54 59 1
57 59 1
58 59 1
2 60 1
4 60 1
6 60 1
8 60 1
14 60 1
16 60 1
22 60 1
30 60 1
31 60 1
33 60 1
34 60 1
35 60 1
45 60 1
47 60 1
50 60 1
53 60 1
59 60 1
4 61 1
9 61 1
10 61 1
13 61 1
16 61 1
17 61 1
20 61 1
28 61 1
29 61 1
30 61 1
31 61 1
33 61 1
36 61 1
38 61 1
39 61 1
41 61 1
42 61 1
44 61 1
46 61 1
50 61 1
51 61 1
55 61 1
56 61 1
57 61 1
59 61 1
2 62 1
5 62 1
7 62 1
10 62 1
12 62 1
13 62 1
14 62 1
15 62 1
17 62 1
21 62 1
25 62 1
26 62 1
29 62 1
31 62 1
35 62 1
37 62 1
40 62 1
41 62 1
46 62 1
51 62 1
52 62 1
53 62 1
56 62 1
58 62 1
59 62 1
60 62 1
1 63 1
2 63 1
8 63 1
12 63 1
13 63 1
14 63 1
15 63 1
17 63 1
22 63 1
26 63 1
27 63 1
30 63 1
32 63 1
35 63 1
36 63 1
37 63 1
38 63 1
40 63 1
42 63 1
43 63 1
46 63 1
47 63 1
48 63 1
53 63 1
57 63 1
58 63 1
59 63 1
62 63 1
8 64 1
9 64 1
10 64 1
12 64 1
13 64 1
16 64 1
19 64 1
22 64 1
23 64 1
26 64 1
28 64 1
29 64 1
30 64 1
32 64 1
35 64 1
39 64 1
41 64 1
42 64 1
45 64 1
52 64 1
59 64 1
2 65 1
3 65 1
11 65 1
14 65 1
15 65 1
16 65 1
17 65 1
18 65 1
23 65 1
29 65 1
36 65 1
39 65 1
40 65 1
41 65 1
43 65 1
44 65 1
47 65 1
49 65 1
53 65 1
54 65 1
55 65 1
57 65 1
59 65 1
60 65 1
2 66 1
20 66 1
21 66 1
23 66 1
25 66 1
27 66 1
29 66 1
33 66 1
35 66 1
37 66 1
38 66 1
40 66 1
42 66 1
43 66 1
44 66 1
45 66 1
46 66 1
47 66 1
48 66 1
49 66 1
53 66 1
55 66 1
56 66 1
58 66 1
59 66 1
60 66 1
64 66 1
2 67 1
3 67 1
4 67 1
6 67 1
8 67 1
10 67 1
12 67 1
15 67 1
16 67 1
17 67 1
20 67 1
22 67 1
24 67 1
25 67 1
26 67 1
28 67 1
32 67 1
34 67 1
37 67 1
41 67 1
43 67 1
44 67 1
45 67 1
46 67 1
47 67 1
48 67 1
49 67 1
52 67 1
53 67 1
54 67 1
57 67 1
61 67 1
62 67 1
65 67 1
2 68 1
8 68 1
9 68 1
10 68 1
12 68 1
13 68 1
14 68 1
15 68 1
18 68 1
20 68 1
25 68 1
27 68 1
28 68 1
29 68 1
30 68 1
31 68 1
35 68 1
36 68 1
38 68 1
40 68 1
48 68 1
49 68 1
50 68 1
52 68 1
55 68 1
62 68 1
63 68 1
64 68 1
65 68 1
1 69 1
6 69 1
8 69 1
9 69 1
11 69 1
13 69 1
26 69 1
28 69 1
30 69 1
31 69 1
32 69 1
36 69 1
45 69 1
49 69 1
50 69 1
51 69 1
52 69 1
54 69 1
55 69 1
57 69 1
62 69 1
65 69 1
67 69 1
2 70 1
4 70 1
5 70 1
6 70 1
7 70 1
10 70 1
11 70 1
16 70 1
17 70 1
21 70 1
22 70 1
27 70 1
30 70 1
33 70 1
34 70 1
39 70 1
43 70 1
44 70 1
45 70 1
46 70 1
50 70 1
52 70 1
53 70 1
56 70 1
57 70 1
69 70 1
1 71 1
2 71 1
3 71 1
4 71 1
5 71 1
6 71 1
7 71 1
8 71 1
9 71 1
11 71 1
14 71 1
19 71 1
20 71 1
22 71 1
23 71 1
24 71 1
25 71 1
26 71 1
27 71 1
30 71 1
32 71 1
34 71 1
35 71 1
40 71 1
43 71 1
46 71 1
47 71 1
48 71 1
50 71 1
58 71 1
62 71 1
65 71 1
1 72 1
6 72 1
12 72 1
13 72 1
15 72 1
17 72 1
18 72 1
19 72 1
24 72 1
25 72 1
26 72 1
27 72 1
29 72 1
30 72 1
36 72 1
38 72 1
40 72 1
43 72 1
44 72 1
53 72 1
54 72 1
55 72 1
60 72 1
64 72 1
66 72 1
71 72 1
8 73 1
9 73 1
13 73 1
14 73 1
16 73 1
19 73 1
24 73 1
25 73 1
27 73 1
29 73 1
35 73 1
45 73 1
47 73 1
48 73 1
49 73 1
51 73 1
52 73 1
53 73 1
55 73 1
56 73 1
58 73 1
59 73 1
61 73 1
65 73 1
66 73 1
67 73 1
69 73 1
71 73 1
5 74 1
6 74 1
8 74 1
9 74 1
23 74 1
27 74 1
28 74 1
31 74 1
35 74 1
40 74 1
44 74 1
50 74 1
53 74 1
55 74 1
58 74 1
65 74 1
71 74 1
72 74 1
73 74 1
2 75 1
3 75 1
6 75 1
8 75 1
11 75 1
13 75 1
24 75 1
26 75 1
31 75 1
35 75 1
38 75 1
40 75 1
41 75 1
42 75 1
46 75 1
48 75 1
49 75 1
50 75 1
51 75 1
55 75 1
59 75 1
60 75 1
62 75 1
65 75 1
66 75 1
67 75 1
74 75 1
4 76 1
5 76 1
6 76 1
9 76 1
10 76 1
14 76 1
16 76 1
17 76 1
18 76 1
23 76 1
24 76 1
25 76 1
29 76 1
30 76 1
31 76 1
35 76 1
38 76 1
39 76 1
42 76 1
50 76 1
52 76 1
54 76 1
55 76 1
56 76 1
58 76 1
60 76 1
61 76 1
65 76 1
66 76 1
68 76 1
69 76 1
71 76 1
72 76 1
73 76 1
74 76 1
2 77 1
5 77 1
7 77 1
19 77 1
21 77 1
22 77 1
23 77 1
24 77 1
26 77 1
28 77 1
34 77 1
35 77 1
36 77 1
39 77 1
42 77 1
43 77 1
45 77 1
47 77 1
48 77 1
52 77 1
53 77 1
61 77 1
63 77 1
66 77 1
67 77 1
69 77 1
73 77 1
74 77 1
4 78 1
6 78 1
8 78 1
10 78 1
11 78 1
12 78 1
13 78 1
14 78 1
19 78 1
20 78 1
21 78 1
22 78 1
25 78 1
29 78 1
30 78 1
31 78 1
32 78 1
33 78 1
36 78 1
42 78 1
43 78 1
44 78 1
45 78 1
47 78 1
51 78 1
52 78 1
53 78 1
54 78 1
56 78 1
57 78 1
58 78 1
60 78 1
61 78 1
62 78 1
63 78 1
68 78 1
69 78 1
73 78 1
76 78 1
2 79 1
3 79 1
14 79 1
15 79 1
16 79 1
17 79 1
18 79 1
23 79 1
25 79 1
27 79 1
31 79 1
32 79 1
33 79 1
35 79 1
36 79 1
38 79 1
40 79 1
41 79 1
44 79 1
45 79 1
48 79 1
49 79 1
53 79 1
54 79 1
56 79 1
57 79 1
71 79 1
73 79 1
74 79 1
75 79 1
77 79 1
1 80 1
2 80 1
9 80 1
19 80 1
20 80 1
26 80 1
27 80 1
28 80 1
29 80 1
33 80 1
34 80 1
36 80 1
41 80 1
42 80 1
45 80 1
47 80 1
49 80 1
51 80 1
52 80 1
53 80 1
56 80 1
57 80 1
58 80 1
62 80 1
63 80 1
65 80 1
70 80 1
71 80 1
75 80 1
76 80 1
1 81 1
3 81 1
6 81 1
9 81 1
11 81 1
14 81 1
21 81 1
22 81 1
29 81 1
30 81 1
33 81 1
34 81 1
36 81 1
39 81 1
45 81 1
49 81 1
53 81 1
57 81 1
58 81 1
59 81 1
60 81 1
63 81 1
66 81 1
69 81 1
71 81 1
72 81 1
73 81 1
75 81 1
76 81 1
77 81 1
78 81 1
79 81 1
80 81 1
11 82 1
16 82 1
17 82 1
22 82 1
26 82 1
27 82 1
28 82 1
33 82 1
34 82 1
36 82 1
38 82 1
39 82 1
44 82 1
49 82 1
50 82 1
52 82 1
53 82 1
54 82 1
56 82 1
57 82 1
61 82 1
64 82 1
66 82 1
67 82 1
71 82 1
73 82 1
75 82 1
78 82 1
81 82 1
3 83 1
6 83 1
11 83 1
13 83 1
15 83 1
23 83 1
26 83 1
27 83 1
32 83 1
33 83 1
35 83 1
36 83 1
37 83 1
39 83 1
44 83 1
46 83 1
49 83 1
56 83 1
58 83 1
61 83 1
62 83 1
63 83 1
64 83 1
68 83 1
72 83 1
74 83 1
77 83 1
81 83 1
1 84 1
3 84 1
14 84 1
15 84 1
16 84 1
17 84 1
18 84 1
20 84 1
21 84 1
22 84 1
27 84 1
30 84 1
35 84 1
36 84 1
38 84 1
42 84 1
46 84 1
48 84 1
51 84 1
52 84 1
53 84 1
55 84 1
56 84 1
59 84 1
60 84 1
62 84 1
64 84 1
65 84 1
67 84 1
69 84 1
70 84 1
71 84 1
72 84 1
74 84 1
79 84 1
82 84 1
6 85 1
7 85 1
9 85 1
14 85 1
17 85 1
25 85 1
26 85 1
27 85 1
28 85 1
30 85 1
32 85 1
33 85 1
34 85 1
36 85 1
40 85 1
41 85 1
45 85 1
47 85 1
51 85 1
55 85 1
57 85 1
60 85 1
62 85 1
63 85 1
68 85 1
70 85 1
71 85 1
77 85 1
78 85 1
79 85 1
81 85 1
82 85 1
83 85 1
84 85 1
1 86 1
6 86 1
7 86 1
8 86 1
11 86 1
14 86 1
15 86 1
17 86 1
19 86 1
20 86 1
21 86 1
28 86 1
35 86 1
37 86 1
38 86 1
41 86 1
42 86 1
44 86 1
46 86 1
48 86 1
52 86 1
56 86 1
59 86 1
63 86 1
66 86 1
67 86 1
68 86 1
69 86 1
72 86 1
74 86 1
76 86 1
77 86 1
83 86 1
84 86 1
9 87 1
12 87 1
14 87 1
23 87 1
24 87 1
25 87 1
28 87 1
29 87 1
30 87 1
34 87 1
35 87 1
36 87 1
45 87 1
48 87 1
53 87 1
55 87 1
58 87 1
60 87 1
73 87 1
76 87 1
79 87 1
2 88 1
3 88 1
4 88 1
10 88 1
12 88 1
15 88 1
20 88 1
23 88 1
25 88 1
26 88 1
31 88 1
33 88 1
38 88 1
39 88 1
40 88 1
43 88 1
45 88 1
49 88 1
52 88 1
53 88 1
54 88 1
60 88 1
61 88 1
63 88 1
64 88 1
65 88 1
69 88 1
71 88 1
74 88 1
76 88 1
80 88 1
84 88 1
85 88 1
86 88 1
1 89 1
2 89 1
3 89 1
5 89 1
12 89 1
14 89 1
16 89 1
20 89 1
23 89 1
31 89 1
32 89 1
33 89 1
34 89 1
39 89 1
40 89 1
41 89 1
42 89 1
44 89 1
46 89 1
48 89 1
50 89 1
51 89 1
56 89 1
59 89 1
61 89 1
62 89 1
67 89 1
69 89 1
72 89 1
74 89 1
82 89 1
85 89 1
86 89 1
87 89 1
88 89 1
3 90 1
5 90 1
6 90 1
8 90 1
9 90 1
10 90 1
13 90 1
14 90 1
16 90 1
17 90 1
23 90 1
25 90 1
26 90 1
27 90 1
29 90 1
31 90 1
36 90 1
37 90 1
43 90 1
44 90 1
46 90 1
48 90 1
49 90 1
51 90 1
52 90 1
55 90 1
58 90 1
60 90 1
62 90 1
66 90 1
69 90 1
70 90 1
73 90 1
78 90 1
79 90 1
84 90 1
85 90 1
87 90 1
1 91 1
2 91 1
3 91 1
7 91 1
11 91 1
12 91 1
14 91 1
18 91 1
24 91 1
27 91 1
29 91 1
30 91 1
33 91 1
39 91 1
41 91 1
43 91 1
44 91 1
50 91 1
51 91 1
54 91 1
58 91 1
59 91 1
63 91 1
64 91 1
66 91 1
69 91 1
70 91 1
73 91 1
75 91 1
76 91 1
79 91 1
81 91 1
82 91 1
83 91 1
86 91 1
2 92 1
3 92 1
6 92 1
8 92 1
13 92 1
20 92 1
22 92 1
24 92 1
25 92 1
26 92 1
28 92 1
29 92 1
34 92 1
36 92 1
38 92 1
39 92 1
40 92 1
43 92 1
44 92 1
46 92 1
49 92 1
53 92 1
55 92 1
56 92 1
57 92 1
58 92 1
63 92 1
65 92 1
74 92 1
75 92 1
76 92 1
78 92 1
79 92 1
80 92 1
84 92 1
85 92 1
88 92 1
2 93 1
3 93 1
9 93 1
12 93 1
15 93 1
16 93 1
18 93 1
20 93 1
22 93 1
28 93 1
30 93 1
32 93 1
33 93 1
35 93 1
42 93 1
43 93 1
45 93 1
47 93 1
50 93 1
51 93 1
54 93 1
55 93 1
56 93 1
60 93 1
66 93 1
76 93 1
78 93 1
79 93 1
83 93 1
84 93 1
87 93 1
90 93 1
91 93 1
1 94 1
2 94 1
4 94 1
6 94 1
8 94 1
9 94 1
10 94 1
14 94 1
19 94 1
20 94 1
21 94 1
26 94 1
31 94 1
32 94 1
33 94 1
38 94 1
39 94 1
44 94 1
46 94 1
48 94 1
50 94 1
51 94 1
54 94 1
55 94 1
56 94 1
58 94 1
60 94 1
63 94 1
65 94 1
67 94 1
68 94 1
69 94 1
75 94 1
78 94 1
82 94 1
83 94 1
84 94 1
88 94 1
91 94 1
93 94 1
3 95 1
4 95 1
6 95 1
7 95 1
9 95 1
10 95 1
11 95 1
12 95 1
14 95 1
15 95 1
16 95 1
17 95 1
18 95 1
22 95 1
30 95 1
33 95 1
34 95 1
35 95 1
36 95 1
38 95 1
39 95 1
42 95 1
43 95 1
48 95 1
50 95 1
54 95 1
55 95 1
56 95 1
58 95 1
60 95 1
61 95 1
63 95 1
68 95 1
69 95 1
70 95 1
72 95 1
74 95 1
75 95 1
78 95 1
79 95 1
80 95 1
82 95 1
84 95 1
86 95 1
91 95 1
1 96 1
6 96 1
7 96 1
8 96 1
10 96 1
13 96 1
18 96 1
20 96 1
22 96 1
24 96 1
26 96 1
34 96 1
35 96 1
36 96 1
39 96 1
44 96 1
48 96 1
53 96 1
56 96 1
57 96 1
58 96 1
59 96 1
62 96 1
65 96 1
66 96 1
68 96 1
69 96 1
72 96 1
73 96 1
74 96 1
81 96 1
82 96 1
86 96 1
87 96 1
88 96 1
89 96 1
94 96 1
5 97 1
7 97 1
8 97 1
10 97 1
14 97 1
15 97 1
16 97 1
18 97 1
25 97 1
28 97 1
33 97 1
35 97 1
36 97 1
37 97 1
39 97 1
46 97 1
47 97 1
48 97 1
50 97 1
51 97 1
52 97 1
53 97 1
55 97 1
56 97 1
59 97 1
60 97 1
61 97 1
62 97 1
63 97 1
65 97 1
71 97 1
74 97 1
76 97 1
79 97 1
82 97 1
83 97 1
86 97 1
87 97 1
90 97 1
93 97 1
95 97 1
1 98 1
2 98 1
3 98 1
5 98 1
12 98 1
13 98 1
15 98 1
16 98 1
17 98 1
22 98 1
26 98 1
27 98 1
29 98 1
31 98 1
32 98 1
33 98 1
37 98 1
39 98 1
40 98 1
42 98 1
43 98 1
47 98 1
48 98 1
55 98 1
57 98 1
58 98 1
60 98 1
62 98 1
63 98 1
67 98 1
69 98 1
70 98 1
79 98 1
82 98 1
83 98 1
84 98 1
88 98 1
92 98 1
93 98 1
7 99 1
8 99 1
9 99 1
11 99 1
14 99 1
18 99 1
20 99 1
22 99 1
23 99 1
24 99 1
27 99 1
28 99 1
30 99 1
41 99 1
44 99 1
46 99 1
47 99 1
48 99 1
49 99 1
54 99 1
56 99 1
57 99 1
58 99 1
59 99 1
61 99 1
62 99 1
63 99 1
64 99 1
66 99 1
67 99 1
69 99 1
73 99 1
74 99 1
75 99 1
76 99 1
78 99 1
86 99 1
87 99 1
89 99 1
90 99 1
93 99 1
95 99 1
97 99 1
4 100 1
8 100 1
12 100 1
14 100 1
15 100 1
20 100 1
22 100 1
23 100 1
24 100 1
25 100 1
27 100 1
29 100 1
33 100 1
34 100 1
38 100 1
40 100 1
41 100 1
42 100 1
43 100 1
44 100 1
48 100 1
49 100 1
51 100 1
53 100 1
57 100 1
58 100 1
59 100 1
62 100 1
63 100 1
70 100 1
76 100 1
77 100 1
79 100 1
82 100 1
86 100 1
87 100 1
93 100 1
94 100 1
96 100 1
97 100 1
1 101 1
3 101 1
5 101 1
6 101 1
8 101 1
9 101 1
10 101 1
11 101 1
17 101 1
18 101 1
19 101 1
20 101 1
22 101 1
29 101 1
31 101 1
33 101 1
34 101 1
35 101 1
37 101 1
41 101 1
42 101 1
44 101 1
47 101 1
48 101 1
49 101 1
50 101 1
51 101 1
52 101 1
54 101 1
56 101 1
60 101 1
65 101 1
70 101 1
74 101 1
75 101 1
78 101 1
82 101 1
87 101 1
88 101 1
89 101 1
90 101 1
91 101 1
96 101 1
2 102 1
10 102 1
12 102 1
13 102 1
16 102 1
17 102 1
18 102 1
19 102 1
20 102 1
22 102 1
24 102 1
25 102 1
26 102 1
28 102 1
30 102 1
31 102 1
32 102 1
37 102 1
38 102 1
39 102 1
41 102 1
48 102 1
53 102 1
54 102 1
57 102 1
63 102 1
67 102 1
69 102 1
76 102 1
78 102 1
79 102 1
81 102 1
82 102 1
87 102 1
89 102 1
91 102 1
93 102 1
94 102 1
96 102 1
99 102 1
100 102 1
101 102 1
14 103 1
15 103 1
18 103 1
21 103 1
22 103 1
23 103 1
25 103 1
27 103 1
28 103 1
30 103 1
31 103 1
32 103 1
35 103 1
37 103 1
38 103 1
42 103 1
46 103 1
47 103 1
48 103 1
55 103 1
64 103 1
70 103 1
71 103 1
73 103 1
75 103 1
76 103 1
79 103 1
81 103 1
84 103 1
87 103 1
90 103 1
92 103 1
98 103 1
99 103 1
100 103 1
1 104 1
3 104 1
6 104 1
7 104 1
9 104 1
14 104 1
16 104 1
18 104 1
22 104 1
23 104 1
25 104 1
28 104 1
30 104 1
35 104 1
36 104 1
37 104 1
38 104 1
40 104 1
41 104 1
45 104 1
46 104 1
47 104 1
49 104 1
50 104 1
53 104 1
56 104 1
61 104 1
64 104 1
66 104 1
69 104 1
71 104 1
72 104 1
75 104 1
76 104 1
79 104 1
80 104 1
81 104 1
86 104 1
87 104 1
94 104 1
98 104 1
102 104 1
1 105 1
2 105 1
5 105 1
6 105 1
7 105 1
8 105 1
11 105 1
12 105 1
17 105 1
20 105 1
22 105 1
24 105 1
25 105 1
26 105 1
30 105 1
32 105 1
33 105 1
36 105 1
43 105 1
46 105 1
48 105 1
49 105 1
50 105 1
55 105 1
57 105 1
60 105 1
64 105 1
71 105 1
72 105 1
75 105 1
77 105 1
80 105 1
82 105 1
84 105 1
85 105 1
87 105 1
92 105 1
96 105 1
97 105 1
98 105 1
99 105 1
101 105 1
102 105 1
103 105 1
104 105 1
4 106 1
5 106 1
6 106 1
7 106 1
11 106 1
12 106 1
16 106 1
18 106 1
19 106 1
20 106 1
21 106 1
22 106 1
25 106 1
27 106 1
36 106 1
37 106 1
39 106 1
41 106 1
43 106 1
44 106 1
49 106 1
51 106 1
53 106 1
64 106 1
65 106 1
72 106 1
75 106 1
76 106 1
77 106 1
78 106 1
80 106 1
85 106 1
86 106 1
90 106 1
93 106 1
94 106 1
98 106 1
100 106 1
101 106 1
103 106 1
1 107 1
2 107 1
5 107 1
7 107 1
12 107 1
13 107 1
14 107 1
16 107 1
17 107 1
19 107 1
20 107 1
21 107 1
22 107 1
24 107 1
29 107 1
30 107 1
31 107 1
35 107 1
40 107 1
41 107 1
42 107 1
46 107 1
48 107 1
49 107 1
50 107 1
52 107 1
55 107 1
57 107 1
58 107 1
61 107 1
65 107 1
66 107 1
67 107 1
68 107 1
70 107 1
71 107 1
72 107 1
73 107 1
75 107 1
78 107 1
81 107 1
85 107 1
87 107 1
91 107 1
93 107 1
96 107 1
97 107 1
98 107 1
99 107 1
105 107 1
2 108 1
3 108 1
4 108 1
8 108 1
9 108 1
12 108 1
18 108 1
24 108 1
25 108 1
26 108 1
29 108 1
31 108 1
33 108 1
37 108 1
39 108 1
40 108 1
49 108 1
51 108 1
52 108 1
60 108 1
62 108 1
64 108 1
65 108 1
66 108 1
67 108 1
68 108 1
70 108 1
72 108 1
73 108 1
77 108 1
78 108 1
84 108 1
85 108 1
87 108 1
92 108 1
94 108 1
95 108 1
96 108 1
97 108 1
100 108 1
101 108 1
103 108 1
107 108 1
3 109 1
4 109 1
6 109 1
9 109 1
18 109 1
22 109 1
25 109 1
28 109 1
31 109 1
33 109 1
39 109 1
42 109 1
43 109 1
44 109 1
46 109 1
55 109 1
57 109 1
59 109 1
62 109 1
63 109 1
70 109 1
71 109 1
72 109 1
74 109 1
75 109 1
76 109 1
77 109 1
78 109 1
82 109 1
84 109 1
86 109 1
89 109 1
92 109 1
95 109 1
97 109 1
103 109 1
107 109 1
2 110 1
4 110 1
9 110 1
11 110 1
13 110 1
14 110 1
15 110 1
17 110 1
18 110 1
19 110 1
24 110 1
29 110 1
31 110 1
34 110 1
36 110 1
38 110 1
40 110 1
41 110 1
42 110 1
45 110 1
47 110 1
49 110 1
51 110 1
58 110 1
59 110 1
66 110 1
67 110 1
70 110 1
71 110 1
76 110 1
79 110 1
82 110 1
85 110 1
86 110 1
87 110 1
89 110 1
90 110 1
91 110 1
93 110 1
94 110 1
99 110 1
100 110 1
104 110 1
106 110 1
108 110 1
1 111 1
5 111 1
6 111 1
14 111 1
15 111 1
19 111 1
25 111 1
27 111 1
29 111 1
31 111 1
35 111 1
46 111 1
50 111 1
57 111 1
60 111 1
63 111 1
67 111 1
70 111 1
79 111 1
81 111 1
82 111 1
85 111 1
87 111 1
89 111 1
90 111 1
92 111 1
94 111 1
95 111 1
98 111 1
103 111 1
106 111 1
1 112 1
7 112 1
8 112 1
10 112 1
15 112 1
17 112 1
19 112 1
20 112 1
23 112 1
24 112 1
25 112 1
28 112 1
31 112 1
33 112 1
34 112 1
35 112 1
36 112 1
41 112 1
45 112 1
46 112 1
50 112 1
51 112 1
53 112 1
59 112 1
62 112 1
63 112 1
64 112 1
66 112 1
73 112 1
76 112 1
78 112 1
82 112 1
86 112 1
88 112 1
89 112 1
92 112 1
104 112 1
108 112 1
4 113 1
7 113 1
9 113 1
11 113 1
13 113 1
14 113 1
17 113 1
19 113 1
25 113 1
26 113 1
32 113 1
34 113 1
36 113 1
37 113 1
38 113 1
41 113 1
43 113 1
44 113 1
46 113 1
48 113 1
49 113 1
50 113 1
54 113 1
57 113 1
58 113 1
62 113 1
63 113 1
65 113 1
67 113 1
69 113 1
70 113 1
76 113 1
77 113 1
78 113 1
79 113 1
84 113 1
89 113 1
92 113 1
93 113 1
97 113 1
98 113 1
102 113 1
103 113 1
107 113 1
111 113 1
112 113 1
2 114 1
5 114 1
11 114 1
13 114 1
14 114 1
15 114 1
18 114 1
21 114 1
22 114 1
23 114 1
24 114 1
27 114 1
28 114 1
30 114 1
31 114 1
32 114 1
34 114 1
36 114 1
37 114 1
39 114 1
43 114 1
44 114 1
50 114 1
54 114 1
56 114 1
58 114 1
64 114 1
68 114 1
71 114 1
76 114 1
77 114 1
78 114 1
85 114 1
86 114 1
88 114 1
89 114 1
90 114 1
92 114 1
95 114 1
98 114 1
99 114 1
105 114 1
109 114 1
3 115 1
10 115 1
16 115 1
21 115 1
22 115 1
24 115 1
25 115 1
29 115 1
30 115 1
32 115 1
34 115 1
35 115 1
36 115 1
38 115 1
41 115 1
42 115 1
45 115 1
47 115 1
48 115 1
50 115 1
58 115 1
59 115 1
60 115 1
61 115 1
62 115 1
68 115 1
72 115 1
73 115 1
74 115 1
75 115 1
76 115 1
78 115 1
80 115 1
84 115 1
86 115 1
87 115 1
93 115 1
94 115 1
96 115 1
97 115 1
98 115 1
101 115 1
107 115 1
108 115 1
113 115 1
1 116 1
2 116 1
3 116 1
9 116 1
18 116 1
20 116 1
21 116 1
22 116 1
23 116 1
24 116 1
25 116 1
27 116 1
30 116 1
31 116 1
33 116 1
35 116 1
36 116 1
41 116 1
44 116 1
55 116 1
56 116 1
57 116 1
58 116 1
60 116 1
64 116 1
65 116 1
66 116 1
69 116 1
70 116 1
71 116 1
74 116 1
79 116 1
81 116 1
82 116 1
83 116 1
84 116 1
92 116 1
95 116 1
101 116 1
104 116 1
105 116 1
106 116 1
107 116 1
108 116 1
110 116 1
111 116 1
113 116 1
2 117 1
3 117 1
7 117 1
8 117 1
9 117 1
10 117 1
12 117 1
13 117 1
14 117 1
15 117 1
17 117 1
29 117 1
30 117 1
35 117 1
38 117 1
40 117 1
42 117 1
43 117 1
48 117 1
49 117 1
51 117 1
55 117 1
58 117 1
60 117 1
61 117 1
63 117 1
64 117 1
67 117 1
69 117 1
72 117 1
74 117 1
75 117 1
76 117 1
77 117 1
78 117 1
79 117 1
83 117 1
85 117 1
88 117 1
90 117 1
92 117 1
95 117 1
96 117 1
101 117 1
102 117 1
103 117 1
104 117 1
109 117 1
110 117 1
1 118 1
3 118 1
4 118 1
5 118 1
6 118 1
11 118 1
13 118 1
14 118 1
15 118 1
18 118 1
20 118 1
21 118 1
25 118 1
27 118 1
29 118 1
30 118 1
32 118 1
38 118 1
39 118 1
40 118 1
45 118 1
49 118 1
53 118 1
58 118 1
59 118 1
61 118 1
64 118 1
66 118 1
67 118 1
71 118 1
72 118 1
73 118 1
76 118 1
77 118 1
78 118 1
79 118 1
80 118 1
85 118 1
88 118 1
101 118 1
106 118 1
107 118 1
109 118 1
110 118 1
111 118 1
114 118 1
115 118 1
116 118 1
117 118 1
1 119 1
5 119 1
8 119 1
12 119 1
13 119 1
18 119 1
19 119 1
20 119 1
24 119 1
25 119 1
26 119 1
28 119 1
29 119 1
30 119 1
31 119 1
35 119 1
37 119 1
39 119 1
41 119 1
48 119 1
50 119 1
52 119 1
53 119 1
55 119 1
56 119 1
57 119 1
58 119 1
61 119 1
63 119 1
64 119 1
67 119 1
69 119 1
71 119 1
73 119 1
74 119 1
76 119 1
78 119 1
79 119 1
81 119 1
82 119 1
85 119 1
87 119 1
90 119 1
95 119 1
97 119 1
98 119 1
100 119 1
102 119 1
104 119 1
2 120 1
4 120 1
12 120 1
13 120 1
14 120 1
16 120 1
17 120 1
21 120 1
22 120 1
24 120 1
28 120 1
31 120 1
32 120 1
33 120 1
34 120 1
36 120 1
42 120 1
44 120 1
49 120 1
51 120 1
52 120 1
53 120 1
54 120 1
56 120 1
57 120 1
58 120 1
61 120 1
62 120 1
67 120 1
68 120 1
71 120 1
73 120 1
75 120 1
79 120 1
83 120 1
85 120 1
86 120 1
89 120 1
93 120 1
94 120 1
95 120 1
97 120 1
101 120 1
102 120 1
106 120 1
110 120 1
111 120 1
112 120 1
114 120 1
115 120 1
119 120 1
3 121 1
4 121 1
8 121 1
9 121 1
10 121 1
12 121 1
20 121 1
21 121 1
22 121 1
25 121 1
27 121 1
30 121 1
32 121 1
42 121 1
43 121 1
52 121 1
53 121 1
58 121 1
61 121 1
67 121 1
68 121 1
69 121 1
71 121 1
72 121 1
79 121 1
80 121 1
81 121 1
82 121 1
83 121 1
86 121 1
87 121 1
92 121 1
93 121 1
94 121 1
100 121 1
103 121 1
104 121 1
105 121 1
106 121 1
108 121 1
109 121 1
110 121 1
113 121 1
114 121 1
115 121 1
116 121 1
117 121 1
1 122 1
2 122 1
6 122 1
7 122 1
14 122 1
16 122 1
18 122 1
20 122 1
21 122 1
25 122 1
26 122 1
29 122 1
30 122 1
36 122 1
39 122 1
40 122 1
42 122 1
44 122 1
46 122 1
47 122 1
49 122 1
50 122 1
51 122 1
54 122 1
55 122 1
60 122 1
62 122 1
64 122 1
66 122 1
67 122 1
69 122 1
72 122 1
74 122 1
77 122 1
80 122 1
83 122 1
84 122 1
85 122 1
86 122 1
100 122 1
102 122 1
103 122 1
105 122 1
107 122 1
108 122 1
110 122 1
111 122 1
112 122 1
113 122 1
117 122 1
121 122 1
3 123 1
4 123 1
5 123 1
6 123 1
7 123 1
8 123 1
15 123 1
16 123 1
20 123 1
21 123 1
22 123 1
23 123 1
26 123 1
28 123 1
29 123 1
32 123 1
36 123 1
40 123 1
42 123 1
44 123 1
48 123 1
50 123 1
54 123 1
55 123 1
57 123 1
58 123 1
59 123 1
67 123 1
68 123 1
69 123 1
78 123 1
80 123 1
81 123 1
83 123 1
84 123 1
85 123 1
91 123 1
94 123 1
96 123 1
97 123 1
101 123 1
103 123 1
104 123 1
106 123 1
110 123 1
111 123 1
113 123 1
118 123 1
119 123 1
2 124 1
5 124 1
8 124 1
10 124 1
11 124 1
15 124 1
16 124 1
26 124 1
28 124 1
29 124 1
31 124 1
33 124 1
39 124 1
41 124 1
49 124 1
55 124 1
57 124 1
70 124 1
74 124 1
78 124 1
86 124 1
87 124 1
88 124 1
89 124 1
90 124 1
91 124 1
93 124 1
94 124 1
96 124 1
99 124 1
101 124 1
108 124 1
113 124 1
114 124 1
115 124 1
116 124 1
121 124 1
3 125 1
5 125 1
6 125 1
9 125 1
10 125 1
13 125 1
14 125 1
15 125 1
16 125 1
19 125 1
20 125 1
21 125 1
24 125 1
29 125 1
30 125 1
32 125 1
36 125 1
42 125 1
43 125 1
44 125 1
45 125 1
46 125 1
47 125 1
48 125 1
50 125 1
52 125 1
53 125 1
55 125 1
57 125 1
63 125 1
68 125 1
69 125 1
70 125 1
76 125 1
77 125 1
80 125 1
83 125 1
84 125 1
85 125 1
86 125 1
87 125 1
89 125 1
91 125 1
96 125 1
98 125 1
105 125 1
106 125 1
107 125 1
111 125 1
113 125 1
117 125 1
120 125 1
121 125 1
124 125 1
1 126 1
8 126 1
10 126 1
12 126 1
15 126 1
17 126 1
18 126 1
20 126 1
27 126 1
30 126 1
32 126 1
34 126 1
39 126 1
40 126 1
45 126 1
51 126 1
53 126 1
55 126 1
56 126 1
59 126 1
64 126 1
65 126 1
71 126 1
72 126 1
77 126 1
81 126 1
84 126 1
85 126 1
87 126 1
91 126 1
94 126 1
96 126 1
100 126 1
101 126 1
102 126 1
103 126 1
104 126 1
106 126 1
107 126 1
108 126 1
116 126 1
117 126 1
119 126 1
123 126 1
1 127 1
3 127 1
4 127 1
6 127 1
8 127 1
10 127 1
12 127 1
14 127 1
20 127 1
23 127 1
28 127 1
31 127 1
36 127 1
38 127 1
41 127 1
42 127 1
45 127 1
46 127 1
50 127 1
54 127 1
55 127 1
56 127 1
63 127 1
64 127 1
65 127 1
66 127 1
68 127 1
71 127 1
72 127 1
77 127 1
79 127 1
80 127 1
81 127 1
82 127 1
84 127 1
86 127 1
87 127 1
88 127 1
93 127 1
94 127 1
97 127 1
98 127 1
99 127 1
100 127 1
102 127 1
104 127 1
106 127 1
111 127 1
116 127 1
120 127 1
121 127 1
122 127 1
123 127 1
126 127 1
1 128 1
3 128 1
4 128 1
11 128 1
12 128 1
13 128 1
14 128 1
16 128 1
17 128 1
19 128 1
20 128 1
22 128 1
23 128 1
26 128 1
28 128 1
29 128 1
34 128 1
40 128 1
42 128 1
45 128 1
49 128 1
51 128 1
52 128 1
53 128 1
55 128 1
57 128 1
64 128 1
65 128 1
68 128 1
69 128 1
72 128 1
74 128 1
77 128 1
82 128 1
85 128 1
87 128 1
89 128 1
90 128 1
91 128 1
92 128 1
94 128 1
95 128 1
97 128 1
101 128 1
103 128 1
104 128 1
107 128 1
108 128 1
115 128 1
116 128 1
121 128 1
124 128 1
125 128 1
4 129 1
7 129 1
8 129 1
9 129 1
14 129 1
15 129 1
18 129 1
20 129 1
21 129 1
22 129 1
23 129 1
24 129 1
25 129 1
28 129 1
32 129 1
36 129 1
38 129 1
39 129 1
42 129 1
45 129 1
47 129 1
53 129 1
54 129 1
55 129 1
57 129 1
58 129 1
59 129 1
60 129 1
61 129 1
62 129 1
63 129 1
67 129 1
68 129 1
69 129 1
70 129 1
76 129 1
77 129 1
78 129 1
79 129 1
86 129 1
88 129 1
89 129 1
92 129 1
93 129 1
94 129 1
97 129 1
99 129 1
100 129 1
101 129 1
103 129 1
104 129 1
105 129 1
106 129 1
109 129 1
110 129 1
114 129 1
118 129 1
124 129 1
125 129 1
126 129 1
128 129 1
3 130 1
10 130 1
11 130 1
13 130 1
16 130 1
19 130 1
20 130 1
21 130 1
22 130 1
23 130 1
25 130 1
26 130 1
27 130 1
28 130 1
30 130 1
34 130 1
35 130 1
37 130 1
39 130 1
41 130 1
42 130 1
44 130 1
47 130 1
50 130 1
51 130 1
53 130 1
54 130 1
60 130 1
63 130 1
65 130 1
68 130 1
70 130 1
73 130 1
78 130 1
80 130 1
82 130 1
86 130 1
87 130 1
88 130 1
92 130 1
93 130 1
97 130 1
98 130 1
104 130 1
107 130 1
109 130 1
111 130 1
116 130 1
118 130 1
119 130 1
125 130 1
126 130 1
128 130 1
2 131 1
7 131 1
8 131 1
9 131 1
10 131 1
12 131 1
13 131 1
15 131 1
17 131 1
18 131 1
24 131 1
26 131 1
27 131 1
28 131 1
30 131 1
31 131 1
32 131 1
34 131 1
36 131 1
40 131 1
44 131 1
47 131 1
50 131 1
51 131 1
52 131 1
54 131 1
56 131 1
57 131 1
59 131 1
61 131 1
63 131 1
65 131 1
66 131 1
70 131 1
72 131 1
77 131 1
79 131 1
80 131 1
81 131 1
82 131 1
84 131 1
87 131 1
89 131 1
90 131 1
94 131 1
95 131 1
97 131 1
98 131 1
104 131 1
109 131 1
114 131 1
124 131 1
128 131 1
1 132 1
3 132 1
4 132 1
11 132 1
25 132 1
28 132 1
33 132 1
39 132 1
42 132 1
46 132 1
47 132 1
51 132 1
53 132 1
56 132 1
58 132 1
62 132 1
63 132 1
69 132 1
70 132 1
78 132 1
79 132 1
82 132 1
86 132 1
87 132 1
91 132 1
92 132 1
95 132 1
96 132 1
100 132 1
103 132 1
104 132 1
106 132 1
109 132 1
111 132 1
114 132 1
115 132 1
117 132 1
120 132 1
122 132 1
123 132 1
124 132 1
126 132 1
128 132 1
130 132 1
131 132 1
2 133 1
4 133 1
8 133 1
9 133 1
13 133 1
21 133 1
22 133 1
23 133 1
24 133 1
25 133 1
26 133 1
35 133 1
38 133 1
39 133 1
40 133 1
47 133 1
48 133 1
50 133 1
51 133 1
52 133 1
58 133 1
60 133 1
63 133 1
70 133 1
71 133 1
72 133 1
76 133 1
79 133 1
82 133 1
85 133 1
86 133 1
88 133 1
89 133 1
91 133 1
93 133 1
94 133 1
95 133 1
101 133 1
103 133 1
104 133 1
108 133 1
109 133 1
111 133 1
113 133 1
115 133 1
119 133 1
123 133 1
127 133 1
128 133 1
130 133 1
131 133 1
2 134 1
4 134 1
9 134 1
11 134 1
14 134 1
15 134 1
16 134 1
17 134 1
19 134 1
20 134 1
27 134 1
29 134 1
30 134 1
32 134 1
33 134 1
34 134 1
38 134 1
40 134 1
42 134 1
44 134 1
49 134 1
50 134 1
52 134 1
55 134 1
58 134 1
59 134 1
60 134 1
61 134 1
66 134 1
69 134 1
71 134 1
74 134 1
75 134 1
76 134 1
84 134 1
89 134 1
90 134 1
92 134 1
94 134 1
98 134 1
101 134 1
102 134 1
106 134 1
108 134 1
109 134 1
111 134 1
112 134 1
113 134 1
117 134 1
118 134 1
121 134 1
122 134 1
130 134 1
132 134 1
1 135 1
2 135 1
3 135 1
10 135 1
11 135 1
13 135 1
14 135 1
15 135 1
17 135 1
18 135 1
23 135 1
24 135 1
27 135 1
31 135 1
35 135 1
37 135 1
38 135 1
39 135 1
41 135 1
43 135 1
44 135 1
48 135 1
49 135 1
50 135 1
57 135 1
58 135 1
62 135 1
63 135 1
66 135 1
70 135 1
71 135 1
76 135 1
77 135 1
79 135 1
82 135 1
85 135 1
86 135 1
87 135 1
88 135 1
95 135 1
96 135 1
97 135 1
102 135 1
105 135 1
111 135 1
112 135 1
113 135 1
115 135 1
121 135 1
122 135 1
124 135 1
129 135 1
132 135 1
1 136 1
5 136 1
6 136 1
8 136 1
13 136 1
15 136 1
19 136 1
20 136 1
24 136 1
26 136 1
32 136 1
33 136 1
35 136 1
37 136 1
42 136 1
50 136 1
53 136 1
54 136 1
55 136 1
57 136 1
60 136 1
63 136 1
64 136 1
65 136 1
70 136 1
75 136 1
79 136 1
82 136 1
83 136 1
84 136 1
86 136 1
89 136 1
92 136 1
94 136 1
95 136 1
96 136 1
97 136 1
99 136 1
101 136 1
105 136 1
108 136 1
110 136 1
117 136 1
118 136 1
119 136 1
120 136 1
121 136 1
124 136 1
128 136 1
129 136 1
132 136 1
133 136 1
134 136 1
2 137 1
3 137 1
5 137 1
6 137 1
8 137 1
11 137 1
13 137 1
14 137 1
16 137 1
22 137 1
23 137 1
24 137 1
25 137 1
27 137 1
29 137 1
33 137 1
41 137 1
45 137 1
46 137 1
50 137 1
51 137 1
53 137 1
54 137 1
56 137 1
59 137 1
61 137 1
62 137 1
69 137 1
71 137 1
72 137 1
76 137 1
80 137 1
82 137 1
83 137 1
86 137 1
88 137 1
89 137 1
90 137 1
91 137 1
92 137 1
93 137 1
98 137 1
99 137 1
103 137 1
106 137 1
108 137 1
112 137 1
114 137 1
117 137 1
120 137 1
123 137 1
126 137 1
129 137 1
131 137 1
133 137 1
134 137 1
2 138 1
5 138 1
8 138 1
9 138 1
10 138 1
11 138 1
13 138 1
14 138 1
18 138 1
20 138 1
23 138 1
25 138 1
32 138 1
33 138 1
36 138 1
37 138 1
41 138 1
44 138 1
50 138 1
51 138 1
52 138 1
53 138 1
55 138 1
57 138 1
58 138 1
60 138 1
61 138 1
64 138 1
66 138 1
69 138 1
74 138 1
75 138 1
79 138 1
82 138 1
83 138 1
88 138 1
90 138 1
91 138 1
94 138 1
96 138 1
101 138 1
103 138 1
104 138 1
105 138 1
108 138 1
111 138 1
113 138 1
114 138 1
115 138 1
117 138 1
121 138 1
122 138 1
123 138 1
125 138 1
126 138 1
130 138 1
134 138 1
135 138 1
137 138 1
1 139 1
2 139 1
4 139 1
6 139 1
7 139 1
9 139 1
10 139 1
11 139 1
13 139 1
16 139 1
18 139 1
20 139 1
22 139 1
25 139 1
28 139 1
30 139 1
34 139 1
42 139 1
43 139 1
47 139 1
51 139 1
53 139 1
57 139 1
60 139 1
61 139 1
63 139 1
67 139 1
68 139 1
77 139 1
79 139 1
82 139 1
87 139 1
88 139 1
89 139 1
91 139 1
92 139 1
94 139 1
96 139 1
98 139 1
101 139 1
102 139 1
104 139 1
106 139 1
108 139 1
116 139 1
117 139 1
118 139 1
120 139 1
121 139 1
122 139 1
124 139 1
125 139 1
126 139 1
127 139 1
128 139 1
129 139 1
130 139 1
133 139 1
136 139 1
6 140 1
11 140 1
18 140 1
20 140 1
24 140 1
25 140 1
27 140 1
30 140 1
31 140 1
36 140 1
37 140 1
38 140 1
39 140 1
40 140 1
44 140 1
47 140 1
50 140 1
58 140 1
59 140 1
60 140 1
62 140 1
64 140 1
67 140 1
77 140 1
78 140 1
83 140 1
84 140 1
87 140 1
88 140 1
94 140 1
96 140 1
103 140 1
104 140 1
106 140 1
115 140 1
116 140 1
117 140 1
119 140 1
120 140 1
124 140 1
125 140 1
126 140 1
128 140 1
129 140 1
131 140 1
133 140 1
134 140 1
136 140 1
5 141 1
6 141 1
13 141 1
15 141 1
16 141 1
21 141 1
22 141 1
26 141 1
27 141 1
28 141 1
31 141 1
32 141 1
34 141 1
36 141 1
38 141 1
41 141 1
42 141 1
43 141 1
44 141 1
46 141 1
52 141 1
53 141 1
59 141 1
62 141 1
66 141 1
70 141 1
73 141 1
75 141 1
76 141 1
85 141 1
86 141 1
87 141 1
94 141 1
96 141 1
100 141 1
102 141 1
107 141 1
108 141 1
109 141 1
110 141 1
112 141 1
120 141 1
124 141 1
128 141 1
131 141 1
134 141 1
1 142 1
5 142 1
7 142 1
10 142 1
14 142 1
17 142 1
18 142 1
20 142 1
22 142 1
23 142 1
25 142 1
26 142 1
28 142 1
29 142 1
32 142 1
35 142 1
36 142 1
39 142 1
43 142 1
46 142 1
47 142 1
49 142 1
53 142 1
56 142 1
59 142 1
60 142 1
71 142 1
73 142 1
74 142 1
79 142 1
81 142 1
89 142 1
90 142 1
93 142 1
94 142 1
95 142 1
97 142 1
98 142 1
101 142 1
104 142 1
106 142 1
110 142 1
111 142 1
114 142 1
117 142 1
121 142 1
127 142 1
128 142 1
130 142 1
135 142 1
137 142 1
139 142 1
141 142 1
2 143 1
4 143 1
8 143 1
9 143 1
11 143 1
12 143 1
14 143 1
18 143 1
21 143 1
22 143 1
23 143 1
24 143 1
26 143 1
29 143 1
30 143 1
31 143 1
33 143 1
35 143 1
37 143 1
38 143 1
39 143 1
40 143 1
41 143 1
42 143 1
45 143 1
47 143 1
50 143 1
55 143 1
56 143 1
58 143 1
60 143 1
64 143 1
65 143 1
67 143 1
69 143 1
71 143 1
72 143 1
75 143 1
77 143 1
78 143 1
80 143 1
81 143 1
82 143 1
83 143 1
84 143 1
85 143 1
88 143 1
91 143 1
92 143 1
94 143 1
95 143 1
97 143 1
101 143 1
107 143 1
108 143 1
110 143 1
112 143 1
114 143 1
118 143 1
122 143 1
123 143 1
129 143 1
130 143 1
134 143 1
135 143 1
137 143 1
140 143 1
142 143 1
2 144 1
3 144 1
4 144 1
10 144 1
11 144 1
12 144 1
14 144 1
16 144 1
19 144 1
20 144 1
24 144 1
26 144 1
28 144 1
31 144 1
34 144 1
35 144 1
41 144 1
54 144 1
56 144 1
61 144 1
62 144 1
65 144 1
66 144 1
67 144 1
69 144 1
70 144 1
73 144 1
74 144 1
84 144 1
86 144 1
87 144 1
88 144 1
90 144 1
94 144 1
97 144 1
99 144 1
100 144 1
101 144 1
103 144 1
106 144 1
107 144 1
117 144 1
118 144 1
120 144 1
121 144 1
122 144 1
123 144 1
124 144 1
125 144 1
130 144 1
132 144 1
133 144 1
134 144 1
135 144 1
136 144 1
138 144 1
139 144 1
140 144 1
142 144 1
1 145 1
2 145 1
4 145 1
10 145 1
11 145 1
12 145 1
13 145 1
14 145 1
15 145 1
18 145 1
19 145 1
30 145 1
32 145 1
34 145 1
37 145 1
38 145 1
41 145 1
43 145 1
47 145 1
48 145 1
51 145 1
55 145 1
60 145 1
61 145 1
63 145 1
65 145 1
70 145 1
71 145 1
73 145 1
74 145 1
75 145 1
76 145 1
82 145 1
83 145 1
84 145 1
85 145 1
93 145 1
94 145 1
98 145 1
104 145 1
114 145 1
116 145 1
117 145 1
118 145 1
119 145 1
120 145 1
121 145 1
127 145 1
131 145 1
132 145 1
134 145 1
140 145 1
143 145 1
1 146 1
5 146 1
7 146 1
9 146 1
14 146 1
17 146 1
18 146 1
19 146 1
22 146 1
25 146 1
33 146 1
34 146 1
36 146 1
41 146 1
44 146 1
45 146 1
46 146 1
50 146 1
51 146 1
54 146 1
55 146 1
58 146 1
64 146 1
65 146 1
66 146 1
68 146 1
71 146 1
76 146 1
80 146 1
84 146 1
86 146 1
91 146 1
92 146 1
94 146 1
95 146 1
96 146 1
98 146 1
99 146 1
101 146 1
102 146 1
103 146 1
104 146 1
106 146 1
110 146 1
111 146 1
112 146 1
113 146 1
122 146 1
123 146 1
132 146 1
140 146 1
1 147 1
2 147 1
4 147 1
7 147 1
8 147 1
10 147 1
11 147 1
12 147 1
14 147 1
18 147 1
19 147 1
23 147 1
25 147 1
27 147 1
30 147 1
32 147 1
34 147 1
35 147 1
36 147 1
37 147 1
40 147 1
42 147 1
44 147 1
46 147 1
47 147 1
48 147 1
49 147 1
51 147 1
52 147 1
55 147 1
57 147 1
58 147 1
64 147 1
65 147 1
67 147 1
70 147 1
74 147 1
75 147 1
81 147 1
84 147 1
86 147 1
88 147 1
89 147 1
90 147 1
94 147 1
101 147 1
102 147 1
105 147 1
108 147 1
110 147 1
113 147 1
115 147 1
116 147 1
117 147 1
119 147 1
120 147 1
122 147 1
126 147 1
130 147 1
136 147 1
143 147 1
144 147 1
2 148 1
6 148 1
9 148 1
14 148 1
15 148 1
16 148 1
17 148 1
22 148 1
25 148 1
26 148 1
28 148 1
30 148 1
32 148 1
33 148 1
36 148 1
39 148 1
43 148 1
46 148 1
47 148 1
51 148 1
52 148 1
55 148 1
56 148 1
58 148 1
65 148 1
70 148 1
75 148 1
76 148 1
77 148 1
79 148 1
84 148 1
89 148 1
90 148 1
95 148 1
97 148 1
98 148 1
99 148 1
100 148 1
105 148 1
106 148 1
107 148 1
109 148 1
110 148 1
111 148 1
114 148 1
116 148 1
118 148 1
122 148 1
124 148 1
128 148 1
129 148 1
130 148 1
135 148 1
139 148 1
141 148 1
143 148 1
1 149 1
3 149 1
5 149 1
6 149 1
7 149 1
8 149 1
9 149 1
11 149 1
12 149 1
13 149 1
15 149 1
16 149 1
20 149 1
21 149 1
23 149 1
28 149 1
29 149 1
31 149 1
33 149 1
35 149 1
40 149 1
41 149 1
42 149 1
43 149 1
49 149 1
54 149 1
55 149 1
56 149 1
57 149 1
59 149 1
65 149 1
67 149 1
70 149 1
73 149 1
75 149 1
76 149 1
77 149 1
84 149 1
85 149 1
86 149 1
93 149 1
95 149 1
97 149 1
101 149 1
102 149 1
103 149 1
107 149 1
108 149 1
117 149 1
118 149 1
120 149 1
121 149 1
123 149 1
126 149 1
129 149 1
131 149 1
136 149 1
138 149 1
139 149 1
140 149 1
143 149 1
5 150 1
6 150 1
9 150 1
10 150 1
11 150 1
14 150 1
15 150 1
22 150 1
24 150 1
26 150 1
27 150 1
28 150 1
33 150 1
35 150 1
37 150 1
41 150 1
43 150 1
44 150 1
48 150 1
49 150 1
52 150 1
54 150 1
56 150 1
58 150 1
59 150 1
60 150 1
61 150 1
69 150 1
70 150 1
71 150 1
72 150 1
78 150 1
79 150 1
80 150 1
81 150 1
84 150 1
85 150 1
88 150 1
90 150 1
91 150 1
94 150 1
97 150 1
98 150 1
100 150 1
105 150 1
107 150 1
108 150 1
110 150 1
111 150 1
115 150 1
116 150 1
117 150 1
118 150 1
119 150 1
121 150 1
124 150 1
125 150 1
127 150 1
129 150 1
130 150 1
131 150 1
133 150 1
134 150 1
137 150 1
138 150 1
142 150 1
144 150 1
145 150 1
147 150 1
148 150 1
