400 799
1 7 1
1 12 1
20 26 1
17 33 1
25 38 1
21 43 1
9 46 1
45 46 1
7 49 1
32 50 1
45 50 1
24 53 1
26 54 1
28 54 1
29 55 1
47 59 1
57 60 1
52 64 1
4 65 1
48 66 1
1 67 1
35 67 1
27 69 1
55 70 1
16 73 1
3 76 1
59 76 1
72 76 1
54 77 1
33 78 1
6 80 1
65 81 1
3 85 1
7 86 1
21 86 1
22 86 1
10 89 1
66 89 1
56 92 1
1 93 1
47 93 1
71 93 1
84 94 1
47 96 1
1 97 1
79 98 1
84 101 1
101 102 1
21 104 1
35 106 1
62 108 1
42 109 1
104 113 1
26 114 1
84 114 1
20 115 1
55 115 1
25 118 1
38 119 1
78 119 1
9 120 1
18 120 1
37 123 1
72 123 1
76 124 1
82 124 1
65 127 1
31 128 1
94 128 1
105 128 1
120 132 1
126 132 1
3 133 1
40 134 1
128 134 1
47 135 1
65 135 1
123 135 1
58 136 1
128 136 1
92 137 1
55 138 1
115 138 1
40 139 1
77 140 1
78 140 1
12 141 1
109 141 1
31 142 1
15 143 1
121 143 1
135 143 1
72 144 1
118 144 1
136 144 1
30 145 1
46 145 1
35 146 1
89 146 1
129 146 1
35 148 1
135 148 1
13 149 1
49 149 1
44 150 1
111 150 1
4 152 1
105 152 1
138 152 1
43 153 1
69 153 1
97 153 1
135 153 1
1 154 1
25 154 1
34 154 1
67 154 1
69 154 1
16 155 1
125 156 1
62 157 1
72 157 1
77 157 1
109 157 1
90 159 1
105 159 1
40 160 1
149 160 1
80 161 1
44 163 1
87 163 1
105 163 1
121 163 1
20 164 1
48 164 1
84 164 1
122 164 1
50 165 1
126 166 1
2 167 1
12 168 1
138 168 1
14 170 1
106 170 1
2 172 1
32 172 1
66 172 1
57 173 1
129 173 1
17 174 1
152 174 1
81 175 1
171 175 1
110 176 1
118 176 1
124 176 1
163 176 1
27 177 1
157 177 1
85 178 1
88 178 1
41 179 1
130 180 1
135 180 1
166 180 1
122 181 1
133 181 1
28 183 1
38 183 1
74 184 1
117 184 1
123 184 1
132 184 1
3 186 1
125 186 1
2 187 1
14 187 1
43 187 1
160 187 1
2 188 1
40 188 1
138 188 1
145 188 1
166 189 1
55 191 1
64 191 1
71 191 1
146 193 1
154 193 1
16 194 1
187 195 1
16 196 1
91 196 1
38 197 1
82 197 1
142 197 1
32 198 1
95 198 1
183 198 1
146 200 1
85 201 1
20 202 1
96 202 1
117 202 1
71 203 1
23 204 1
59 204 1
134 206 1
168 206 1
180 206 1
100 207 1
39 208 1
159 208 1
1 209 1
104 209 1
117 209 1
159 209 1
187 209 1
146 210 1
151 210 1
176 210 1
69 211 1
82 211 1
11 212 1
202 212 1
115 213 1
101 214 1
107 214 1
213 214 1
52 215 1
155 215 1
98 216 1
163 216 1
40 217 1
116 218 1
133 218 1
161 218 1
66 219 1
134 219 1
19 220 1
99 220 1
189 220 1
1 221 1
161 221 1
169 221 1
13 222 1
18 222 1
211 222 1
32 223 1
47 223 1
144 223 1
173 223 1
34 224 1
136 224 1
56 225 1
36 227 1
48 227 1
97 227 1
109 227 1
195 228 1
214 230 1
197 231 1
98 232 1
157 232 1
57 233 1
83 233 1
48 234 1
94 234 1
161 234 1
191 234 1
202 235 1
133 236 1
216 237 1
93 238 1
106 238 1
149 238 1
59 239 1
179 239 1
122 240 1
205 240 1
46 241 1
51 241 1
162 241 1
165 242 1
65 243 1
91 243 1
104 244 1
226 244 1
38 245 1
122 245 1
192 245 1
27 246 1
51 246 1
131 246 1
142 246 1
204 246 1
205 246 1
245 246 1
1 247 1
26 247 1
63 247 1
42 248 1
43 248 1
83 248 1
107 248 1
197 249 1
244 249 1
105 250 1
149 250 1
152 250 1
235 250 1
50 252 1
40 253 1
133 253 1
134 253 1
24 254 1
224 254 1
233 254 1
244 254 1
27 255 1
41 255 1
48 255 1
131 255 1
136 255 1
1 256 1
5 256 1
223 256 1
132 257 1
209 257 1
235 257 1
31 258 1
60 258 1
242 258 1
8 259 1
151 259 1
228 259 1
30 260 1
192 260 1
229 260 1
109 261 1
171 261 1
122 262 1
157 262 1
243 262 1
82 263 1
167 263 1
230 263 1
121 264 1
129 264 1
250 264 1
13 265 1
22 265 1
99 265 1
213 265 1
11 266 1
82 267 1
100 267 1
144 267 1
2 268 1
58 268 1
79 268 1
181 268 1
118 269 1
131 269 1
147 269 1
172 269 1
34 270 1
52 271 1
89 271 1
112 271 1
173 271 1
203 271 1
234 271 1
252 271 1
53 272 1
99 272 1
19 274 1
134 274 1
139 274 1
14 275 1
20 275 1
268 275 1
45 276 1
135 276 1
4 277 1
94 277 1
165 279 1
234 280 1
274 280 1
173 281 1
81 282 1
168 283 1
210 283 1
225 283 1
270 283 1
272 283 1
116 284 1
174 284 1
240 285 1
99 286 1
107 286 1
16 287 1
34 287 1
61 287 1
83 287 1
144 287 1
15 288 1
218 288 1
229 288 1
238 288 1
249 288 1
284 288 1
20 289 1
37 289 1
58 289 1
173 289 1
247 289 1
285 289 1
177 290 1
205 290 1
57 291 1
125 291 1
245 291 1
207 292 1
276 292 1
121 293 1
226 293 1
40 294 1
66 294 1
72 294 1
269 294 1
98 295 1
284 295 1
29 296 1
121 296 1
239 296 1
275 296 1
175 297 1
286 297 1
14 298 1
90 298 1
117 298 1
243 298 1
258 298 1
124 299 1
270 299 1
288 299 1
34 300 1
79 300 1
259 300 1
82 301 1
259 301 1
2 302 1
125 302 1
152 302 1
185 302 1
287 302 1
57 303 1
6 304 1
85 304 1
101 305 1
104 305 1
181 305 1
234 305 1
22 306 1
106 307 1
233 307 1
241 307 1
14 308 1
102 308 1
177 309 1
273 309 1
71 310 1
95 310 1
125 310 1
136 310 1
177 310 1
181 310 1
187 310 1
227 310 1
130 311 1
111 312 1
130 312 1
177 313 1
228 313 1
254 313 1
101 314 1
5 315 1
239 315 1
311 315 1
87 316 1
177 316 1
277 316 1
303 316 1
45 317 1
109 317 1
188 318 1
292 318 1
293 318 1
60 319 1
113 319 1
67 320 1
152 320 1
41 321 1
62 321 1
135 321 1
42 322 1
85 322 1
264 322 1
138 323 1
168 323 1
207 323 1
34 324 1
148 324 1
166 324 1
185 324 1
291 324 1
317 324 1
253 325 1
307 325 1
35 326 1
56 326 1
225 326 1
18 327 1
20 327 1
124 327 1
129 327 1
7 328 1
73 328 1
79 328 1
299 328 1
7 329 1
179 329 1
208 329 1
238 329 1
253 329 1
286 329 1
288 329 1
293 329 1
298 329 1
43 330 1
65 331 1
5 332 1
147 332 1
206 332 1
232 332 1
37 333 1
40 333 1
60 333 1
139 333 1
169 333 1
227 333 1
251 334 1
47 335 1
299 335 1
35 336 1
72 336 1
119 336 1
172 336 1
222 336 1
315 336 1
332 336 1
42 337 1
327 337 1
37 338 1
294 339 1
137 340 1
199 340 1
246 340 1
330 340 1
31 341 1
172 341 1
188 341 1
25 342 1
130 342 1
144 342 1
169 342 1
238 342 1
254 342 1
74 343 1
170 343 1
46 344 1
92 344 1
135 344 1
238 344 1
86 345 1
179 345 1
277 345 1
315 346 1
7 347 1
164 347 1
322 347 1
340 347 1
346 347 1
6 348 1
63 348 1
108 348 1
299 348 1
42 349 1
178 349 1
341 349 1
41 350 1
171 350 1
288 350 1
32 351 1
89 351 1
188 351 1
315 351 1
330 351 1
39 352 1
62 352 1
107 352 1
156 352 1
229 352 1
306 352 1
345 352 1
22 353 1
149 353 1
21 354 1
138 354 1
156 354 1
163 354 1
29 355 1
65 355 1
143 355 1
162 355 1
168 355 1
187 355 1
228 355 1
283 355 1
9 356 1
28 356 1
123 356 1
341 356 1
60 357 1
227 357 1
242 357 1
329 357 1
338 357 1
350 357 1
35 358 1
47 358 1
52 358 1
184 358 1
201 358 1
205 358 1
356 358 1
294 359 1
225 360 1
261 360 1
14 361 1
108 361 1
202 361 1
204 361 1
230 361 1
273 361 1
63 362 1
77 362 1
97 362 1
107 362 1
123 362 1
238 362 1
301 362 1
344 362 1
108 363 1
120 363 1
150 363 1
4 364 1
132 364 1
149 364 1
154 364 1
298 364 1
301 364 1
115 365 1
176 365 1
195 365 1
255 365 1
324 365 1
39 366 1
102 366 1
123 366 1
146 366 1
244 366 1
6 367 1
107 367 1
138 367 1
252 367 1
285 367 1
294 367 1
352 367 1
156 368 1
216 368 1
329 368 1
148 369 1
222 369 1
293 369 1
361 369 1
205 370 1
233 370 1
364 370 1
284 372 1
293 372 1
22 373 1
44 373 1
47 373 1
203 373 1
236 373 1
278 373 1
6 374 1
37 374 1
43 374 1
365 374 1
129 375 1
218 375 1
361 375 1
2 376 1
64 376 1
178 376 1
269 376 1
345 376 1
361 376 1
41 377 1
43 377 1
353 377 1
112 378 1
97 379 1
149 379 1
157 379 1
258 379 1
38 380 1
321 380 1
115 381 1
130 381 1
127 382 1
162 382 1
216 382 1
217 382 1
288 382 1
301 382 1
172 383 1
135 384 1
140 384 1
187 385 1
268 385 1
333 385 1
60 386 1
240 386 1
254 386 1
71 387 1
120 387 1
196 387 1
387 388 1
317 389 1
327 389 1
355 389 1
16 390 1
35 390 1
104 390 1
285 390 1
299 390 1
389 390 1
15 391 1
101 391 1
123 391 1
218 391 1
361 391 1
53 392 1
120 392 1
233 392 1
291 392 1
353 392 1
382 392 1
94 393 1
189 393 1
120 394 1
286 394 1
248 395 1
282 395 1
107 396 1
187 396 1
197 396 1
272 396 1
310 396 1
86 397 1
235 397 1
269 397 1
310 397 1
315 397 1
310 398 1
391 398 1
211 399 1
265 399 1
283 399 1
294 399 1
7 400 1
227 400 1
229 400 1
341 400 1
351 400 1
