250 2972
1 2 1
1 3 1
3 5 1
1 7 1
1 8 1
1 9 1
1 10 1
2 10 1
8 10 1
4 11 1
8 11 1
3 12 1
6 12 1
2 13 1
3 13 1
7 13 1
1 14 1
5 16 1
7 16 1
8 16 1
4 17 1
14 17 1
16 18 1
17 18 1
2 19 1
5 19 1
10 19 1
17 19 1
17 20 1
13 21 1
10 22 1
3 23 1
22 23 1
12 24 1
20 24 1
17 25 1
23 27 1
3 28 1
11 28 1
13 28 1
27 28 1
10 29 1
1 30 1
3 30 1
6 30 1
9 32 1
16 32 1
18 32 1
27 32 1
29 32 1
21 33 1
26 33 1
28 33 1
29 33 1
5 34 1
8 34 1
16 34 1
19 34 1
20 34 1
26 34 1
33 34 1
7 35 1
15 36 1
17 36 1
22 36 1
28 36 1
6 37 1
5 38 1
6 38 1
25 38 1
5 39 1
19 39 1
32 39 1
37 39 1
38 39 1
4 40 1
31 40 1
6 41 1
18 41 1
27 41 1
35 41 1
38 41 1
5 42 1
10 42 1
14 42 1
18 42 1
32 42 1
26 43 1
30 43 1
2 44 1
12 44 1
13 44 1
16 44 1
17 45 1
18 45 1
34 45 1
42 45 1
44 45 1
4 46 1
7 46 1
9 46 1
44 46 1
23 47 1
41 47 1
17 48 1
29 48 1
32 48 1
44 48 1
1 49 1
26 49 1
30 49 1
35 49 1
36 49 1
44 49 1
47 49 1
6 50 1
17 50 1
2 51 1
7 51 1
11 51 1
25 51 1
26 51 1
37 51 1
40 51 1
50 51 1
5 52 1
19 52 1
26 52 1
39 52 1
40 52 1
5 53 1
13 53 1
16 53 1
23 53 1
30 53 1
35 53 1
52 53 1
3 54 1
11 54 1
32 54 1
37 54 1
1 55 1
16 55 1
25 55 1
33 55 1
41 55 1
43 55 1
45 55 1
3 56 1
42 56 1
46 56 1
52 56 1
23 57 1
25 57 1
29 57 1
41 57 1
44 57 1
16 58 1
18 58 1
20 58 1
26 58 1
28 58 1
34 58 1
39 58 1
40 58 1
41 58 1
10 59 1
15 59 1
25 59 1
34 59 1
46 59 1
52 59 1
56 59 1
15 60 1
29 60 1
37 60 1
40 60 1
47 60 1
2 61 1
3 61 1
5 61 1
35 61 1
36 61 1
55 61 1
59 61 1
60 61 1
2 62 1
21 62 1
37 62 1
49 62 1
50 62 1
3 63 1
5 63 1
6 63 1
13 63 1
14 63 1
29 63 1
38 63 1
41 63 1
57 63 1
3 64 1
7 64 1
26 64 1
12 65 1
13 65 1
41 65 1
43 65 1
55 65 1
3 66 1
8 66 1
48 66 1
60 66 1
62 66 1
53 67 1
1 68 1
6 68 1
14 68 1
16 68 1
49 68 1
59 68 1
1 69 1
37 69 1
50 69 1
66 69 1
68 69 1
8 70 1
15 70 1
27 70 1
53 70 1
56 70 1
63 70 1
68 70 1
4 71 1
6 71 1
10 71 1
13 71 1
22 71 1
65 71 1
66 71 1
68 71 1
70 71 1
18 72 1
27 72 1
28 72 1
35 72 1
52 72 1
62 72 1
66 72 1
1 73 1
20 73 1
42 73 1
58 73 1
62 73 1
2 74 1
8 74 1
20 74 1
22 74 1
24 74 1
31 74 1
38 74 1
43 74 1
51 74 1
57 74 1
73 74 1
4 75 1
7 75 1
22 75 1
26 75 1
47 75 1
60 75 1
65 75 1
67 75 1
68 75 1
74 75 1
8 77 1
10 77 1
16 77 1
27 77 1
35 77 1
42 77 1
61 77 1
67 77 1
69 77 1
76 77 1
3 78 1
16 78 1
18 78 1
26 78 1
32 78 1
33 78 1
35 78 1
36 78 1
57 78 1
69 78 1
23 79 1
29 79 1
34 79 1
50 79 1
55 79 1
73 79 1
75 79 1
76 79 1
2 80 1
19 80 1
29 80 1
41 80 1
64 80 1
11 81 1
15 81 1
21 81 1
27 81 1
29 81 1
31 81 1
40 81 1
47 81 1
49 81 1
61 81 1
76 81 1
5 82 1
11 82 1
22 82 1
28 82 1
48 82 1
53 82 1
63 82 1
69 82 1
81 82 1
14 83 1
53 83 1
56 83 1
57 83 1
58 83 1
81 83 1
11 84 1
19 84 1
24 84 1
26 84 1
28 84 1
38 84 1
42 84 1
64 84 1
66 84 1
72 84 1
81 84 1
83 84 1
4 85 1
31 85 1
36 85 1
38 85 1
61 85 1
71 85 1
72 85 1
5 86 1
32 86 1
37 86 1
47 86 1
53 86 1
56 86 1
62 86 1
63 86 1
76 86 1
80 86 1
81 86 1
2 87 1
7 87 1
14 87 1
33 87 1
43 87 1
62 87 1
77 87 1
4 88 1
6 88 1
16 88 1
26 88 1
60 88 1
67 88 1
75 88 1
79 88 1
8 89 1
11 89 1
31 89 1
34 89 1
50 89 1
63 89 1
77 89 1
88 89 1
66 90 1
70 90 1
88 90 1
89 90 1
14 91 1
29 91 1
37 91 1
45 91 1
46 91 1
64 91 1
65 91 1
82 91 1
87 91 1
3 92 1
13 92 1
14 92 1
31 92 1
37 92 1
43 92 1
73 92 1
76 92 1
86 92 1
20 93 1
40 93 1
46 93 1
64 93 1
73 93 1
82 93 1
90 93 1
3 94 1
16 94 1
19 94 1
20 94 1
36 94 1
48 94 1
79 94 1
84 94 1
86 94 1
3 95 1
22 95 1
24 95 1
53 95 1
57 95 1
59 95 1
71 95 1
79 95 1
81 95 1
85 95 1
4 96 1
9 96 1
22 96 1
37 96 1
43 96 1
58 96 1
72 96 1
75 96 1
3 97 1
13 97 1
17 97 1
23 97 1
25 97 1
27 97 1
50 97 1
61 97 1
79 97 1
85 97 1
89 97 1
21 98 1
22 98 1
30 98 1
52 98 1
65 98 1
90 98 1
30 99 1
31 99 1
32 99 1
38 99 1
42 99 1
65 99 1
82 99 1
83 99 1
93 99 1
98 99 1
8 100 1
31 100 1
33 100 1
35 100 1
44 100 1
49 100 1
58 100 1
61 100 1
76 100 1
87 100 1
90 100 1
93 100 1
99 100 1
3 101 1
6 101 1
14 101 1
16 101 1
19 101 1
22 101 1
26 101 1
29 101 1
36 101 1
41 101 1
45 101 1
50 101 1
67 101 1
86 101 1
95 101 1
100 101 1
2 102 1
12 102 1
29 102 1
65 102 1
85 102 1
2 103 1
35 103 1
45 103 1
48 103 1
58 103 1
60 103 1
62 103 1
85 103 1
2 104 1
15 104 1
23 104 1
28 104 1
34 104 1
38 104 1
40 104 1
47 104 1
55 104 1
64 104 1
81 104 1
94 104 1
102 104 1
103 104 1
3 105 1
5 105 1
7 105 1
23 105 1
40 105 1
55 105 1
82 105 1
98 105 1
99 105 1
17 106 1
24 106 1
38 106 1
63 106 1
91 106 1
93 106 1
95 106 1
5 107 1
9 107 1
16 107 1
24 107 1
31 107 1
40 107 1
52 107 1
63 107 1
65 107 1
78 107 1
81 107 1
90 107 1
13 108 1
15 108 1
28 108 1
45 108 1
50 108 1
60 108 1
78 108 1
86 108 1
93 108 1
102 108 1
104 108 1
6 109 1
17 109 1
25 109 1
28 109 1
30 109 1
54 109 1
65 109 1
78 109 1
2 110 1
27 110 1
31 110 1
48 110 1
49 110 1
50 110 1
63 110 1
76 110 1
83 110 1
90 110 1
101 110 1
103 110 1
10 111 1
17 111 1
53 111 1
79 111 1
16 112 1
21 112 1
40 112 1
63 112 1
76 112 1
88 112 1
91 112 1
95 112 1
99 112 1
101 112 1
107 112 1
108 112 1
26 113 1
34 113 1
40 113 1
46 113 1
72 113 1
80 113 1
88 113 1
104 113 1
109 113 1
4 114 1
20 114 1
23 114 1
34 114 1
42 114 1
45 114 1
94 114 1
101 114 1
106 114 1
14 115 1
15 115 1
32 115 1
37 115 1
39 115 1
47 115 1
49 115 1
57 115 1
61 115 1
77 115 1
83 115 1
91 115 1
99 115 1
111 115 1
11 116 1
20 116 1
33 116 1
34 116 1
37 116 1
52 116 1
60 116 1
62 116 1
80 116 1
87 116 1
95 116 1
102 116 1
103 116 1
104 116 1
24 117 1
36 117 1
54 117 1
62 117 1
88 117 1
104 117 1
107 117 1
4 118 1
7 118 1
19 118 1
20 118 1
30 118 1
43 118 1
60 118 1
80 118 1
86 118 1
90 118 1
108 118 1
115 118 1
117 118 1
4 119 1
8 119 1
14 119 1
23 119 1
81 119 1
85 119 1
86 119 1
92 119 1
1 120 1
7 120 1
13 120 1
39 120 1
43 120 1
56 120 1
75 120 1
87 120 1
99 120 1
103 120 1
104 120 1
107 120 1
111 120 1
2 121 1
3 121 1
14 121 1
15 121 1
22 121 1
36 121 1
45 121 1
62 121 1
78 121 1
97 121 1
107 121 1
3 122 1
12 122 1
14 122 1
24 122 1
25 122 1
26 122 1
34 122 1
40 122 1
51 122 1
53 122 1
66 122 1
79 122 1
80 122 1
8 123 1
18 123 1
23 123 1
39 123 1
46 123 1
47 123 1
55 123 1
56 123 1
65 123 1
68 123 1
76 123 1
82 123 1
86 123 1
104 123 1
7 124 1
37 124 1
46 124 1
54 124 1
57 124 1
63 124 1
64 124 1
65 124 1
67 124 1
71 124 1
73 124 1
100 124 1
116 124 1
117 124 1
119 124 1
123 124 1
17 125 1
45 125 1
47 125 1
66 125 1
68 125 1
69 125 1
89 125 1
95 125 1
115 125 1
118 125 1
3 126 1
28 126 1
33 126 1
54 126 1
70 126 1
74 126 1
76 126 1
86 126 1
114 126 1
123 126 1
125 126 1
2 127 1
5 127 1
24 127 1
25 127 1
29 127 1
36 127 1
37 127 1
39 127 1
49 127 1
59 127 1
63 127 1
64 127 1
66 127 1
125 127 1
9 128 1
10 128 1
17 128 1
29 128 1
64 128 1
65 128 1
88 128 1
92 128 1
95 128 1
107 128 1
118 128 1
124 128 1
6 129 1
14 129 1
20 129 1
43 129 1
44 129 1
46 129 1
47 129 1
72 129 1
78 129 1
83 129 1
99 129 1
125 129 1
126 129 1
16 130 1
21 130 1
36 130 1
43 130 1
45 130 1
52 130 1
100 130 1
104 130 1
111 130 1
121 130 1
122 130 1
126 130 1
1 131 1
23 131 1
27 131 1
32 131 1
41 131 1
49 131 1
56 131 1
76 131 1
89 131 1
96 131 1
103 131 1
107 131 1
129 131 1
7 132 1
10 132 1
13 132 1
38 132 1
41 132 1
46 132 1
52 132 1
62 132 1
68 132 1
88 132 1
99 132 1
3 133 1
22 133 1
26 133 1
30 133 1
33 133 1
38 133 1
39 133 1
51 133 1
70 133 1
79 133 1
93 133 1
102 133 1
106 133 1
122 133 1
1 134 1
20 134 1
22 134 1
23 134 1
28 134 1
39 134 1
52 134 1
56 134 1
58 134 1
60 134 1
61 134 1
62 134 1
67 134 1
120 134 1
132 134 1
9 135 1
14 135 1
19 135 1
28 135 1
39 135 1
56 135 1
66 135 1
77 135 1
87 135 1
89 135 1
93 135 1
102 135 1
104 135 1
106 135 1
118 135 1
130 135 1
13 136 1
16 136 1
18 136 1
28 136 1
30 136 1
40 136 1
45 136 1
61 136 1
69 136 1
71 136 1
74 136 1
77 136 1
96 136 1
99 136 1
108 136 1
109 136 1
120 136 1
123 136 1
126 136 1
133 136 1
4 137 1
12 137 1
15 137 1
28 137 1
32 137 1
40 137 1
44 137 1
49 137 1
51 137 1
58 137 1
62 137 1
68 137 1
72 137 1
76 137 1
83 137 1
88 137 1
90 137 1
119 137 1
123 137 1
125 137 1
132 137 1
135 137 1
19 138 1
38 138 1
52 138 1
55 138 1
61 138 1
64 138 1
80 138 1
83 138 1
89 138 1
94 138 1
98 138 1
101 138 1
127 138 1
128 138 1
135 138 1
27 139 1
29 139 1
41 139 1
54 139 1
62 139 1
83 139 1
86 139 1
96 139 1
116 139 1
123 139 1
128 139 1
135 139 1
14 140 1
22 140 1
45 140 1
89 140 1
95 140 1
102 140 1
10 141 1
13 141 1
33 141 1
34 141 1
37 141 1
45 141 1
46 141 1
48 141 1
63 141 1
69 141 1
76 141 1
80 141 1
84 141 1
88 141 1
101 141 1
103 141 1
119 141 1
126 141 1
138 141 1
32 142 1
37 142 1
46 142 1
51 142 1
54 142 1
55 142 1
76 142 1
84 142 1
92 142 1
110 142 1
123 142 1
129 142 1
130 142 1
134 142 1
9 143 1
16 143 1
18 143 1
36 143 1
47 143 1
58 143 1
63 143 1
72 143 1
73 143 1
77 143 1
120 143 1
123 143 1
124 143 1
134 143 1
140 143 1
142 143 1
1 144 1
2 144 1
10 144 1
11 144 1
24 144 1
30 144 1
31 144 1
33 144 1
37 144 1
39 144 1
50 144 1
51 144 1
65 144 1
69 144 1
70 144 1
73 144 1
84 144 1
122 144 1
126 144 1
127 144 1
129 144 1
133 144 1
139 144 1
1 145 1
14 145 1
27 145 1
30 145 1
39 145 1
44 145 1
86 145 1
89 145 1
92 145 1
98 145 1
100 145 1
106 145 1
118 145 1
126 145 1
127 145 1
129 145 1
140 145 1
5 146 1
9 146 1
14 146 1
21 146 1
24 146 1
36 146 1
37 146 1
63 146 1
74 146 1
75 146 1
78 146 1
79 146 1
100 146 1
144 146 1
11 147 1
41 147 1
50 147 1
57 147 1
66 147 1
68 147 1
76 147 1
88 147 1
90 147 1
98 147 1
103 147 1
112 147 1
136 147 1
5 148 1
19 148 1
29 148 1
40 148 1
45 148 1
72 148 1
85 148 1
88 148 1
101 148 1
118 148 1
121 148 1
123 148 1
9 149 1
20 149 1
25 149 1
55 149 1
64 149 1
71 149 1
75 149 1
79 149 1
86 149 1
106 149 1
143 149 1
1 150 1
5 150 1
9 150 1
10 150 1
12 150 1
30 150 1
44 150 1
46 150 1
53 150 1
57 150 1
58 150 1
64 150 1
82 150 1
89 150 1
94 150 1
97 150 1
98 150 1
107 150 1
108 150 1
113 150 1
114 150 1
138 150 1
147 150 1
13 151 1
14 151 1
23 151 1
27 151 1
33 151 1
40 151 1
46 151 1
53 151 1
54 151 1
57 151 1
64 151 1
66 151 1
68 151 1
78 151 1
81 151 1
86 151 1
89 151 1
99 151 1
112 151 1
124 151 1
129 151 1
133 151 1
140 151 1
16 152 1
19 152 1
34 152 1
66 152 1
76 152 1
81 152 1
84 152 1
91 152 1
96 152 1
100 152 1
110 152 1
117 152 1
121 152 1
131 152 1
147 152 1
13 153 1
15 153 1
46 153 1
51 153 1
63 153 1
78 153 1
88 153 1
113 153 1
122 153 1
129 153 1
144 153 1
150 153 1
151 153 1
3 154 1
13 154 1
14 154 1
21 154 1
24 154 1
32 154 1
59 154 1
66 154 1
86 154 1
91 154 1
119 154 1
143 154 1
8 155 1
17 155 1
25 155 1
32 155 1
36 155 1
45 155 1
60 155 1
67 155 1
74 155 1
77 155 1
90 155 1
97 155 1
103 155 1
109 155 1
115 155 1
120 155 1
122 155 1
124 155 1
137 155 1
150 155 1
12 156 1
13 156 1
15 156 1
22 156 1
34 156 1
59 156 1
61 156 1
66 156 1
71 156 1
87 156 1
90 156 1
101 156 1
115 156 1
118 156 1
155 156 1
11 157 1
13 157 1
14 157 1
15 157 1
36 157 1
37 157 1
59 157 1
104 157 1
112 157 1
129 157 1
145 157 1
19 158 1
59 158 1
64 158 1
71 158 1
79 158 1
113 158 1
119 158 1
131 158 1
137 158 1
140 158 1
142 158 1
152 158 1
3 159 1
17 159 1
28 159 1
51 159 1
63 159 1
76 159 1
90 159 1
96 159 1
124 159 1
144 159 1
151 159 1
8 160 1
17 160 1
29 160 1
36 160 1
53 160 1
75 160 1
94 160 1
95 160 1
102 160 1
110 160 1
112 160 1
120 160 1
122 160 1
30 161 1
38 161 1
52 161 1
53 161 1
59 161 1
68 161 1
73 161 1
81 161 1
82 161 1
87 161 1
98 161 1
112 161 1
122 161 1
128 161 1
134 161 1
137 161 1
148 161 1
158 161 1
6 162 1
10 162 1
78 162 1
80 162 1
90 162 1
97 162 1
118 162 1
121 162 1
122 162 1
126 162 1
133 162 1
3 163 1
10 163 1
13 163 1
15 163 1
24 163 1
36 163 1
41 163 1
43 163 1
45 163 1
64 163 1
70 163 1
86 163 1
99 163 1
101 163 1
127 163 1
128 163 1
134 163 1
2 164 1
4 164 1
13 164 1
15 164 1
22 164 1
40 164 1
48 164 1
56 164 1
60 164 1
64 164 1
77 164 1
78 164 1
79 164 1
97 164 1
114 164 1
119 164 1
131 164 1
135 164 1
148 164 1
150 164 1
156 164 1
157 164 1
1 165 1
3 165 1
6 165 1
44 165 1
52 165 1
62 165 1
72 165 1
81 165 1
98 165 1
147 165 1
153 165 1
5 166 1
9 166 1
10 166 1
37 166 1
59 166 1
66 166 1
74 166 1
79 166 1
87 166 1
99 166 1
140 166 1
144 166 1
152 166 1
161 166 1
163 166 1
165 166 1
4 167 1
7 167 1
18 167 1
34 167 1
35 167 1
90 167 1
96 167 1
106 167 1
109 167 1
112 167 1
117 167 1
136 167 1
142 167 1
150 167 1
163 167 1
165 167 1
15 168 1
34 168 1
64 168 1
66 168 1
75 168 1
97 168 1
100 168 1
103 168 1
135 168 1
145 168 1
154 168 1
157 168 1
166 168 1
26 169 1
29 169 1
31 169 1
39 169 1
49 169 1
54 169 1
70 169 1
86 169 1
87 169 1
89 169 1
107 169 1
115 169 1
122 169 1
143 169 1
149 169 1
153 169 1
165 169 1
15 170 1
31 170 1
40 170 1
43 170 1
50 170 1
60 170 1
65 170 1
87 170 1
96 170 1
113 170 1
144 170 1
147 170 1
167 170 1
10 171 1
14 171 1
33 171 1
36 171 1
39 171 1
42 171 1
50 171 1
64 171 1
69 171 1
72 171 1
80 171 1
82 171 1
92 171 1
99 171 1
110 171 1
115 171 1
126 171 1
128 171 1
140 171 1
142 171 1
148 171 1
157 171 1
169 171 1
34 172 1
38 172 1
55 172 1
58 172 1
74 172 1
81 172 1
84 172 1
92 172 1
112 172 1
114 172 1
123 172 1
131 172 1
136 172 1
139 172 1
153 172 1
156 172 1
7 173 1
8 173 1
30 173 1
36 173 1
50 173 1
67 173 1
70 173 1
72 173 1
74 173 1
93 173 1
101 173 1
102 173 1
107 173 1
115 173 1
118 173 1
128 173 1
130 173 1
139 173 1
152 173 1
163 173 1
166 173 1
8 174 1
12 174 1
22 174 1
29 174 1
66 174 1
88 174 1
98 174 1
111 174 1
112 174 1
138 174 1
159 174 1
5 175 1
7 175 1
15 175 1
20 175 1
24 175 1
28 175 1
56 175 1
66 175 1
68 175 1
76 175 1
81 175 1
85 175 1
87 175 1
93 175 1
94 175 1
95 175 1
102 175 1
108 175 1
110 175 1
127 175 1
162 175 1
171 175 1
2 176 1
4 176 1
12 176 1
14 176 1
20 176 1
25 176 1
32 176 1
37 176 1
41 176 1
55 176 1
65 176 1
77 176 1
83 176 1
108 176 1
118 176 1
141 176 1
148 176 1
157 176 1
159 176 1
169 176 1
171 176 1
21 177 1
36 177 1
41 177 1
45 177 1
65 177 1
73 177 1
96 177 1
106 177 1
107 177 1
110 177 1
115 177 1
122 177 1
136 177 1
137 177 1
139 177 1
144 177 1
157 177 1
160 177 1
164 177 1
4 178 1
6 178 1
24 178 1
28 178 1
37 178 1
53 178 1
59 178 1
64 178 1
69 178 1
90 178 1
95 178 1
98 178 1
103 178 1
104 178 1
106 178 1
108 178 1
109 178 1
137 178 1
164 178 1
166 178 1
167 178 1
176 178 1
11 179 1
20 179 1
22 179 1
29 179 1
34 179 1
36 179 1
46 179 1
66 179 1
69 179 1
77 179 1
82 179 1
99 179 1
115 179 1
121 179 1
135 179 1
143 179 1
156 179 1
2 180 1
34 180 1
51 180 1
83 180 1
88 180 1
95 180 1
98 180 1
108 180 1
110 180 1
135 180 1
144 180 1
158 180 1
173 180 1
22 181 1
31 181 1
54 181 1
71 181 1
84 181 1
104 181 1
112 181 1
119 181 1
135 181 1
145 181 1
148 181 1
161 181 1
163 181 1
9 182 1
14 182 1
19 182 1
52 182 1
64 182 1
67 182 1
77 182 1
86 182 1
88 182 1
95 182 1
127 182 1
134 182 1
147 182 1
154 182 1
177 182 1
181 182 1
17 183 1
54 183 1
59 183 1
60 183 1
82 183 1
95 183 1
108 183 1
109 183 1
113 183 1
118 183 1
127 183 1
151 183 1
152 183 1
153 183 1
3 184 1
5 184 1
16 184 1
22 184 1
37 184 1
58 184 1
62 184 1
80 184 1
89 184 1
117 184 1
124 184 1
125 184 1
164 184 1
183 184 1
110 185 1
112 185 1
115 185 1
140 185 1
143 185 1
157 185 1
160 185 1
162 185 1
180 185 1
6 186 1
9 186 1
16 186 1
24 186 1
37 186 1
52 186 1
56 186 1
63 186 1
64 186 1
78 186 1
82 186 1
85 186 1
123 186 1
135 186 1
147 186 1
148 186 1
163 186 1
166 186 1
183 186 1
8 187 1
16 187 1
25 187 1
45 187 1
49 187 1
54 187 1
56 187 1
63 187 1
76 187 1
77 187 1
97 187 1
112 187 1
122 187 1
133 187 1
139 187 1
141 187 1
171 187 1
4 188 1
31 188 1
45 188 1
56 188 1
59 188 1
87 188 1
94 188 1
95 188 1
98 188 1
103 188 1
119 188 1
146 188 1
147 188 1
160 188 1
180 188 1
7 189 1
50 189 1
69 189 1
75 189 1
91 189 1
96 189 1
107 189 1
111 189 1
112 189 1
117 189 1
124 189 1
134 189 1
140 189 1
156 189 1
175 189 1
186 189 1
2 190 1
6 190 1
9 190 1
13 190 1
24 190 1
38 190 1
40 190 1
42 190 1
48 190 1
56 190 1
59 190 1
65 190 1
69 190 1
74 190 1
80 190 1
84 190 1
88 190 1
105 190 1
106 190 1
109 190 1
111 190 1
139 190 1
156 190 1
162 190 1
165 190 1
187 190 1
10 191 1
19 191 1
36 191 1
37 191 1
42 191 1
44 191 1
97 191 1
114 191 1
115 191 1
116 191 1
123 191 1
134 191 1
161 191 1
164 191 1
170 191 1
171 191 1
172 191 1
177 191 1
189 191 1
1 192 1
25 192 1
34 192 1
36 192 1
42 192 1
59 192 1
64 192 1
67 192 1
73 192 1
93 192 1
108 192 1
123 192 1
129 192 1
130 192 1
133 192 1
134 192 1
143 192 1
153 192 1
157 192 1
180 192 1
186 192 1
16 193 1
27 193 1
33 193 1
59 193 1
61 193 1
70 193 1
73 193 1
90 193 1
92 193 1
105 193 1
137 193 1
139 193 1
143 193 1
147 193 1
150 193 1
168 193 1
190 193 1
30 194 1
33 194 1
39 194 1
77 194 1
113 194 1
127 194 1
141 194 1
145 194 1
154 194 1
166 194 1
168 194 1
175 194 1
187 194 1
190 194 1
25 195 1
38 195 1
42 195 1
47 195 1
59 195 1
64 195 1
69 195 1
73 195 1
82 195 1
95 195 1
96 195 1
103 195 1
113 195 1
125 195 1
155 195 1
158 195 1
159 195 1
161 195 1
164 195 1
176 195 1
1 196 1
9 196 1
14 196 1
18 196 1
29 196 1
35 196 1
37 196 1
44 196 1
48 196 1
84 196 1
91 196 1
98 196 1
106 196 1
108 196 1
133 196 1
140 196 1
158 196 1
171 196 1
182 196 1
186 196 1
189 196 1
3 197 1
5 197 1
23 197 1
34 197 1
35 197 1
91 197 1
97 197 1
109 197 1
110 197 1
112 197 1
114 197 1
115 197 1
117 197 1
128 197 1
165 197 1
166 197 1
169 197 1
6 198 1
17 198 1
20 198 1
27 198 1
30 198 1
35 198 1
39 198 1
48 198 1
52 198 1
54 198 1
57 198 1
81 198 1
96 198 1
97 198 1
98 198 1
130 198 1
133 198 1
147 198 1
156 198 1
157 198 1
162 198 1
182 198 1
184 198 1
187 198 1
195 198 1
1 199 1
3 199 1
36 199 1
57 199 1
80 199 1
105 199 1
149 199 1
152 199 1
158 199 1
161 199 1
165 199 1
166 199 1
182 199 1
191 199 1
198 199 1
5 200 1
34 200 1
48 200 1
90 200 1
91 200 1
92 200 1
103 200 1
115 200 1
123 200 1
126 200 1
136 200 1
175 200 1
184 200 1
190 200 1
194 200 1
27 201 1
28 201 1
41 201 1
57 201 1
59 201 1
65 201 1
66 201 1
80 201 1
85 201 1
113 201 1
120 201 1
131 201 1
133 201 1
160 201 1
165 201 1
173 201 1
174 201 1
179 201 1
181 201 1
198 201 1
200 201 1
1 202 1
16 202 1
18 202 1
71 202 1
82 202 1
94 202 1
103 202 1
118 202 1
120 202 1
121 202 1
122 202 1
123 202 1
127 202 1
129 202 1
141 202 1
158 202 1
180 202 1
12 203 1
16 203 1
20 203 1
23 203 1
25 203 1
32 203 1
48 203 1
51 203 1
63 203 1
66 203 1
79 203 1
83 203 1
84 203 1
98 203 1
105 203 1
111 203 1
113 203 1
114 203 1
130 203 1
157 203 1
173 203 1
199 203 1
3 204 1
36 204 1
45 204 1
55 204 1
58 204 1
60 204 1
65 204 1
72 204 1
77 204 1
89 204 1
111 204 1
118 204 1
144 204 1
174 204 1
188 204 1
192 204 1
194 204 1
196 204 1
199 204 1
14 205 1
21 205 1
22 205 1
35 205 1
38 205 1
45 205 1
53 205 1
59 205 1
71 205 1
73 205 1
112 205 1
115 205 1
117 205 1
120 205 1
130 205 1
147 205 1
148 205 1
178 205 1
200 205 1
7 206 1
46 206 1
68 206 1
102 206 1
109 206 1
114 206 1
132 206 1
144 206 1
155 206 1
174 206 1
177 206 1
179 206 1
185 206 1
200 206 1
21 207 1
46 207 1
47 207 1
48 207 1
50 207 1
52 207 1
64 207 1
70 207 1
82 207 1
88 207 1
123 207 1
131 207 1
139 207 1
156 207 1
157 207 1
162 207 1
173 207 1
3 208 1
10 208 1
28 208 1
47 208 1
55 208 1
61 208 1
66 208 1
77 208 1
80 208 1
89 208 1
92 208 1
105 208 1
107 208 1
111 208 1
118 208 1
138 208 1
161 208 1
162 208 1
167 208 1
176 208 1
191 208 1
200 208 1
203 208 1
205 208 1
8 209 1
17 209 1
32 209 1
49 209 1
51 209 1
81 209 1
101 209 1
105 209 1
112 209 1
120 209 1
129 209 1
131 209 1
143 209 1
145 209 1
155 209 1
200 209 1
5 210 1
15 210 1
41 210 1
56 210 1
76 210 1
99 210 1
136 210 1
151 210 1
154 210 1
193 210 1
201 210 1
2 211 1
10 211 1
15 211 1
19 211 1
25 211 1
37 211 1
38 211 1
50 211 1
61 211 1
76 211 1
79 211 1
87 211 1
113 211 1
123 211 1
141 211 1
151 211 1
153 211 1
164 211 1
195 211 1
199 211 1
23 212 1
25 212 1
46 212 1
50 212 1
56 212 1
59 212 1
62 212 1
68 212 1
84 212 1
85 212 1
86 212 1
87 212 1
94 212 1
108 212 1
135 212 1
146 212 1
156 212 1
173 212 1
184 212 1
193 212 1
202 212 1
204 212 1
207 212 1
29 213 1
35 213 1
63 213 1
75 213 1
86 213 1
88 213 1
89 213 1
119 213 1
132 213 1
164 213 1
171 213 1
178 213 1
198 213 1
212 213 1
2 214 1
28 214 1
32 214 1
64 214 1
93 214 1
104 214 1
116 214 1
134 214 1
136 214 1
169 214 1
198 214 1
199 214 1
205 214 1
208 214 1
3 215 1
4 215 1
7 215 1
9 215 1
18 215 1
52 215 1
65 215 1
66 215 1
72 215 1
79 215 1
98 215 1
110 215 1
124 215 1
129 215 1
131 215 1
141 215 1
142 215 1
145 215 1
186 215 1
202 215 1
203 215 1
18 216 1
47 216 1
64 216 1
72 216 1
80 216 1
83 216 1
147 216 1
158 216 1
173 216 1
182 216 1
189 216 1
191 216 1
3 217 1
4 217 1
9 217 1
29 217 1
94 217 1
95 217 1
117 217 1
118 217 1
119 217 1
139 217 1
156 217 1
173 217 1
188 217 1
189 217 1
191 217 1
192 217 1
202 217 1
14 218 1
15 218 1
19 218 1
43 218 1
57 218 1
58 218 1
59 218 1
60 218 1
61 218 1
62 218 1
67 218 1
69 218 1
73 218 1
88 218 1
94 218 1
119 218 1
124 218 1
138 218 1
152 218 1
160 218 1
177 218 1
187 218 1
199 218 1
205 218 1
6 219 1
7 219 1
20 219 1
40 219 1
42 219 1
47 219 1
58 219 1
67 219 1
70 219 1
104 219 1
122 219 1
123 219 1
126 219 1
128 219 1
132 219 1
146 219 1
161 219 1
168 219 1
170 219 1
187 219 1
208 219 1
212 219 1
3 220 1
11 220 1
23 220 1
24 220 1
49 220 1
56 220 1
57 220 1
60 220 1
61 220 1
79 220 1
87 220 1
108 220 1
109 220 1
119 220 1
133 220 1
145 220 1
146 220 1
148 220 1
155 220 1
159 220 1
164 220 1
197 220 1
203 220 1
2 221 1
18 221 1
23 221 1
24 221 1
33 221 1
41 221 1
48 221 1
66 221 1
73 221 1
78 221 1
100 221 1
108 221 1
115 221 1
128 221 1
131 221 1
180 221 1
182 221 1
193 221 1
201 221 1
205 221 1
217 221 1
12 222 1
18 222 1
29 222 1
38 222 1
55 222 1
61 222 1
67 222 1
71 222 1
83 222 1
93 222 1
99 222 1
108 222 1
131 222 1
132 222 1
145 222 1
158 222 1
167 222 1
183 222 1
184 222 1
185 222 1
201 222 1
206 222 1
7 223 1
12 223 1
16 223 1
21 223 1
54 223 1
81 223 1
85 223 1
92 223 1
101 223 1
102 223 1
125 223 1
126 223 1
129 223 1
159 223 1
180 223 1
204 223 1
205 223 1
209 223 1
211 223 1
212 223 1
215 223 1
20 224 1
21 224 1
22 224 1
39 224 1
42 224 1
54 224 1
59 224 1
81 224 1
109 224 1
134 224 1
138 224 1
149 224 1
154 224 1
157 224 1
191 224 1
204 224 1
8 225 1
15 225 1
28 225 1
53 225 1
69 225 1
114 225 1
120 225 1
126 225 1
140 225 1
141 225 1
144 225 1
174 225 1
181 225 1
189 225 1
190 225 1
202 225 1
203 225 1
211 225 1
212 225 1
218 225 1
223 225 1
1 226 1
2 226 1
7 226 1
30 226 1
33 226 1
45 226 1
82 226 1
118 226 1
132 226 1
145 226 1
146 226 1
150 226 1
163 226 1
173 226 1
193 226 1
207 226 1
221 226 1
34 227 1
47 227 1
51 227 1
52 227 1
59 227 1
72 227 1
106 227 1
113 227 1
114 227 1
118 227 1
130 227 1
135 227 1
141 227 1
142 227 1
162 227 1
163 227 1
165 227 1
172 227 1
176 227 1
179 227 1
180 227 1
183 227 1
194 227 1
211 227 1
223 227 1
5 228 1
16 228 1
41 228 1
46 228 1
76 228 1
80 228 1
81 228 1
87 228 1
96 228 1
107 228 1
115 228 1
117 228 1
125 228 1
131 228 1
138 228 1
139 228 1
154 228 1
157 228 1
162 228 1
165 228 1
169 228 1
171 228 1
185 228 1
197 228 1
11 229 1
14 229 1
24 229 1
29 229 1
31 229 1
38 229 1
39 229 1
41 229 1
43 229 1
49 229 1
60 229 1
78 229 1
164 229 1
165 229 1
172 229 1
177 229 1
191 229 1
206 229 1
218 229 1
10 230 1
18 230 1
26 230 1
35 230 1
43 230 1
44 230 1
63 230 1
64 230 1
71 230 1
73 230 1
89 230 1
100 230 1
125 230 1
128 230 1
129 230 1
134 230 1
146 230 1
147 230 1
170 230 1
195 230 1
197 230 1
217 230 1
218 230 1
220 230 1
4 231 1
5 231 1
25 231 1
45 231 1
65 231 1
96 231 1
107 231 1
119 231 1
160 231 1
191 231 1
199 231 1
203 231 1
220 231 1
228 231 1
10 232 1
12 232 1
13 232 1
15 232 1
17 232 1
18 232 1
31 232 1
34 232 1
56 232 1
67 232 1
88 232 1
106 232 1
107 232 1
110 232 1
115 232 1
117 232 1
155 232 1
159 232 1
167 232 1
169 232 1
176 232 1
179 232 1
205 232 1
209 232 1
214 232 1
217 232 1
220 232 1
231 232 1
21 233 1
52 233 1
53 233 1
57 233 1
59 233 1
65 233 1
67 233 1
69 233 1
84 233 1
93 233 1
105 233 1
106 233 1
116 233 1
128 233 1
142 233 1
193 233 1
218 233 1
20 234 1
34 234 1
36 234 1
47 234 1
50 234 1
58 234 1
68 234 1
106 234 1
109 234 1
118 234 1
124 234 1
134 234 1
135 234 1
138 234 1
145 234 1
146 234 1
149 234 1
150 234 1
153 234 1
174 234 1
176 234 1
207 234 1
8 235 1
10 235 1
20 235 1
25 235 1
33 235 1
37 235 1
51 235 1
56 235 1
68 235 1
82 235 1
96 235 1
128 235 1
131 235 1
147 235 1
163 235 1
167 235 1
177 235 1
181 235 1
185 235 1
205 235 1
211 235 1
222 235 1
225 235 1
18 236 1
27 236 1
42 236 1
50 236 1
52 236 1
63 236 1
73 236 1
77 236 1
88 236 1
90 236 1
101 236 1
103 236 1
161 236 1
177 236 1
178 236 1
183 236 1
189 236 1
215 236 1
216 236 1
233 236 1
9 237 1
18 237 1
40 237 1
52 237 1
75 237 1
89 237 1
93 237 1
96 237 1
100 237 1
105 237 1
143 237 1
158 237 1
174 237 1
177 237 1
192 237 1
194 237 1
214 237 1
216 237 1
224 237 1
2 238 1
22 238 1
41 238 1
53 238 1
82 238 1
90 238 1
95 238 1
133 238 1
134 238 1
136 238 1
143 238 1
164 238 1
179 238 1
196 238 1
206 238 1
225 238 1
229 238 1
48 239 1
54 239 1
56 239 1
61 239 1
70 239 1
77 239 1
78 239 1
122 239 1
123 239 1
141 239 1
147 239 1
169 239 1
185 239 1
202 239 1
222 239 1
10 240 1
19 240 1
22 240 1
24 240 1
57 240 1
60 240 1
79 240 1
95 240 1
100 240 1
108 240 1
116 240 1
130 240 1
144 240 1
147 240 1
159 240 1
161 240 1
185 240 1
186 240 1
201 240 1
206 240 1
208 240 1
210 240 1
230 240 1
232 240 1
14 241 1
15 241 1
18 241 1
26 241 1
72 241 1
76 241 1
84 241 1
87 241 1
99 241 1
102 241 1
105 241 1
106 241 1
113 241 1
114 241 1
137 241 1
144 241 1
172 241 1
191 241 1
212 241 1
222 241 1
232 241 1
236 241 1
238 241 1
12 242 1
14 242 1
17 242 1
40 242 1
55 242 1
56 242 1
64 242 1
73 242 1
77 242 1
78 242 1
91 242 1
97 242 1
116 242 1
117 242 1
128 242 1
134 242 1
146 242 1
153 242 1
173 242 1
205 242 1
213 242 1
221 242 1
11 243 1
20 243 1
28 243 1
29 243 1
34 243 1
35 243 1
36 243 1
68 243 1
82 243 1
83 243 1
87 243 1
100 243 1
111 243 1
113 243 1
122 243 1
127 243 1
150 243 1
162 243 1
200 243 1
209 243 1
221 243 1
223 243 1
226 243 1
239 243 1
3 244 1
4 244 1
10 244 1
16 244 1
27 244 1
30 244 1
31 244 1
32 244 1
41 244 1
52 244 1
54 244 1
58 244 1
61 244 1
70 244 1
83 244 1
100 244 1
134 244 1
143 244 1
148 244 1
156 244 1
174 244 1
189 244 1
201 244 1
208 244 1
209 244 1
228 244 1
242 244 1
6 245 1
40 245 1
46 245 1
54 245 1
73 245 1
95 245 1
98 245 1
103 245 1
114 245 1
116 245 1
123 245 1
134 245 1
147 245 1
158 245 1
168 245 1
188 245 1
189 245 1
214 245 1
8 246 1
17 246 1
23 246 1
39 246 1
53 246 1
78 246 1
102 246 1
112 246 1
127 246 1
132 246 1
151 246 1
152 246 1
153 246 1
155 246 1
157 246 1
166 246 1
169 246 1
171 246 1
181 246 1
187 246 1
193 246 1
200 246 1
201 246 1
211 246 1
218 246 1
219 246 1
222 246 1
225 246 1
226 246 1
228 246 1
232 246 1
237 246 1
242 246 1
9 247 1
20 247 1
22 247 1
42 247 1
44 247 1
45 247 1
52 247 1
56 247 1
57 247 1
61 247 1
62 247 1
103 247 1
104 247 1
106 247 1
118 247 1
126 247 1
141 247 1
162 247 1
163 247 1
178 247 1
181 247 1
198 247 1
200 247 1
228 247 1
231 247 1
242 247 1
246 247 1
15 248 1
20 248 1
41 248 1
45 248 1
48 248 1
56 248 1
62 248 1
66 248 1
71 248 1
76 248 1
81 248 1
96 248 1
113 248 1
118 248 1
134 248 1
146 248 1
150 248 1
158 248 1
162 248 1
202 248 1
204 248 1
216 248 1
225 248 1
235 248 1
240 248 1
246 248 1
4 249 1
12 249 1
24 249 1
27 249 1
32 249 1
40 249 1
61 249 1
73 249 1
127 249 1
133 249 1
146 249 1
151 249 1
167 249 1
170 249 1
191 249 1
192 249 1
202 249 1
204 249 1
205 249 1
210 249 1
212 249 1
234 249 1
238 249 1
245 249 1
1 250 1
6 250 1
8 250 1
9 250 1
17 250 1
26 250 1
31 250 1
64 250 1
69 250 1
72 250 1
77 250 1
111 250 1
129 250 1
134 250 1
173 250 1
185 250 1
190 250 1
197 250 1
208 250 1
210 250 1
215 250 1
235 250 1
247 250 1
