200 9876
3 1 1
3 2 1
4 2 1
5 1 1
5 4 1
6 3 1
6 4 1
6 5 1
7 1 1
7 2 1
7 5 1
8 1 1
8 3 1
8 6 1
8 7 1
9 1 1
9 3 1
10 1 1
10 4 1
10 6 1
10 7 1
10 8 1
11 1 1
11 2 1
11 5 1
11 6 1
11 7 1
11 8 1
12 7 1
12 9 1
13 2 1
13 3 1
13 5 1
13 7 1
13 8 1
13 9 1
13 12 1
14 1 1
14 2 1
14 4 1
14 6 1
14 8 1
14 9 1
14 10 1
14 13 1
15 1 1
15 4 1
15 6 1
15 9 1
15 11 1
15 14 1
16 3 1
16 4 1
16 5 1
16 7 1
16 9 1
16 12 1
16 13 1
16 15 1
17 2 1
17 5 1
17 6 1
17 8 1
17 12 1
17 15 1
17 16 1
18 6 1
18 7 1
18 11 1
18 13 1
18 14 1
18 15 1
19 3 1
19 4 1
19 5 1
19 7 1
19 12 1
19 14 1
20 3 1
20 7 1
20 8 1
20 14 1
20 15 1
20 17 1
20 18 1
21 1 1
21 2 1
21 4 1
21 6 1
21 8 1
21 9 1
21 11 1
21 13 1
21 15 1
21 18 1
21 20 1
22 1 1
22 2 1
22 3 1
22 5 1
22 6 1
22 8 1
22 9 1
22 10 1
22 13 1
22 15 1
22 16 1
22 17 1
22 20 1
23 2 1
23 8 1
23 9 1
23 11 1
23 15 1
23 16 1
23 19 1
23 22 1
24 1 1
24 4 1
24 6 1
24 7 1
24 10 1
24 11 1
24 15 1
24 16 1
24 19 1
24 22 1
25 3 1
25 5 1
25 6 1
25 7 1
25 11 1
25 14 1
25 16 1
25 21 1
25 23 1
25 24 1
26 1 1
26 4 1
26 5 1
26 6 1
26 9 1
26 12 1
26 13 1
26 15 1
26 18 1
26 19 1
26 20 1
26 23 1
26 25 1
27 2 1
27 3 1
27 5 1
27 6 1
27 8 1
27 9 1
27 15 1
27 17 1
27 19 1
27 22 1
27 25 1
28 1 1
28 2 1
28 3 1
28 6 1
28 8 1
28 9 1
28 11 1
28 12 1
28 15 1
28 16 1
28 17 1
28 18 1
28 21 1
28 22 1
28 24 1
28 25 1
28 26 1
28 27 1
29 1 1
29 2 1
29 3 1
29 5 1
29 7 1
29 9 1
29 12 1
29 13 1
29 15 1
29 16 1
29 18 1
29 19 1
29 20 1
29 22 1
29 27 1
29 28 1
30 1 1
30 2 1
30 4 1
30 5 1
30 7 1
30 8 1
30 9 1
30 12 1
30 14 1
30 16 1
30 18 1
30 22 1
30 24 1
30 28 1
31 7 1
31 8 1
31 10 1
31 11 1
31 13 1
31 15 1
31 16 1
31 17 1
31 18 1
31 19 1
31 23 1
31 24 1
31 25 1
31 26 1
31 28 1
32 3 1
32 4 1
32 9 1
32 10 1
32 11 1
32 12 1
32 15 1
32 16 1
32 17 1
32 19 1
32 21 1
32 22 1
32 23 1
32 27 1
32 28 1
32 29 1
32 31 1
33 1 1
33 2 1
33 4 1
33 5 1
33 6 1
33 7 1
33 14 1
33 15 1
33 18 1
33 20 1
33 22 1
33 23 1
33 24 1
33 32 1
34 3 1
34 6 1
34 7 1
34 9 1
34 14 1
34 15 1
34 16 1
34 18 1
34 19 1
34 20 1
34 26 1
34 27 1
34 28 1
34 29 1
34 32 1
34 33 1
35 2 1
35 8 1
35 9 1
35 10 1
35 11 1
35 16 1
35 20 1
35 21 1
35 24 1
35 26 1
35 27 1
35 29 1
35 32 1
35 34 1
36 2 1
36 3 1
36 5 1
36 8 1
36 10 1
36 11 1
36 12 1
36 16 1
36 19 1
36 23 1
36 27 1
36 28 1
36 29 1
36 30 1
36 32 1
36 34 1
37 4 1
37 5 1
37 6 1
37 8 1
37 9 1
37 10 1
37 12 1
37 13 1
37 15 1
37 17 1
37 18 1
37 19 1
37 21 1
37 23 1
37 27 1
37 28 1
37 32 1
37 33 1
38 1 1
38 6 1
38 7 1
38 8 1
38 10 1
38 13 1
38 15 1
38 18 1
38 19 1
38 23 1
38 24 1
38 25 1
38 28 1
38 29 1
38 30 1
38 32 1
38 33 1
38 34 1
38 35 1
38 37 1
39 1 1
39 4 1
39 5 1
39 6 1
39 10 1
39 11 1
39 12 1
39 17 1
39 18 1
39 21 1
39 23 1
39 26 1
39 27 1
39 28 1
39 29 1
39 32 1
39 33 1
39 34 1
39 35 1
39 38 1
40 1 1
40 3 1
40 4 1
40 5 1
40 6 1
40 7 1
40 8 1
40 10 1
40 11 1
40 12 1
40 13 1
40 16 1
40 18 1
40 20 1
40 21 1
40 23 1
40 25 1
40 29 1
40 30 1
40 31 1
40 32 1
40 33 1
40 35 1
40 36 1
40 37 1
40 39 1
41 4 1
41 5 1
41 7 1
41 9 1
41 10 1
41 13 1
41 14 1
41 16 1
41 19 1
41 21 1
41 22 1
41 25 1
41 26 1
41 30 1
41 31 1
41 32 1
41 33 1
41 34 1
41 36 1
41 37 1
41 38 1
41 39 1
41 40 1
42 5 1
42 6 1
42 7 1
42 8 1
42 17 1
42 18 1
42 19 1
42 21 1
42 23 1
42 24 1
42 26 1
42 27 1
42 29 1
42 30 1
42 31 1
42 33 1
42 35 1
42 36 1
42 40 1
43 1 1
43 3 1
43 4 1
43 6 1
43 9 1
43 10 1
43 13 1
43 14 1
43 15 1
43 18 1
43 19 1
43 20 1
43 21 1
43 22 1
43 23 1
43 26 1
43 27 1
43 29 1
43 30 1
43 31 1
43 32 1
43 33 1
43 34 1
43 42 1
44 1 1
44 4 1
44 6 1
44 11 1
44 12 1
44 14 1
44 15 1
44 16 1
44 19 1
44 22 1
44 23 1
44 24 1
44 26 1
44 29 1
44 30 1
44 31 1
44 32 1
44 36 1
44 37 1
44 38 1
44 39 1
44 40 1
44 41 1
44 42 1
44 43 1
45 2 1
45 4 1
45 6 1
45 7 1
45 10 1
45 13 1
45 14 1
45 16 1
45 18 1
45 24 1
45 26 1
45 31 1
45 32 1
45 33 1
45 34 1
45 37 1
45 39 1
45 40 1
45 41 1
45 42 1
46 2 1
46 3 1
46 4 1
46 7 1
46 8 1
46 9 1
46 10 1
46 13 1
46 15 1
46 17 1
46 19 1
46 21 1
46 23 1
46 25 1
46 26 1
46 28 1
46 29 1
46 32 1
46 33 1
46 34 1
46 39 1
46 40 1
46 42 1
46 44 1
47 2 1
47 3 1
47 4 1
47 5 1
47 6 1
47 7 1
47 10 1
47 12 1
47 16 1
47 19 1
47 22 1
47 25 1
47 26 1
47 28 1
47 29 1
47 30 1
47 31 1
47 33 1
47 35 1
47 38 1
47 39 1
47 41 1
47 42 1
47 44 1
47 45 1
48 1 1
48 2 1
48 4 1
48 6 1
48 7 1
48 8 1
48 10 1
48 13 1
48 16 1
48 17 1
48 21 1
48 23 1
48 24 1
48 26 1
48 27 1
48 31 1
48 33 1
48 34 1
48 36 1
48 40 1
48 41 1
48 42 1
48 43 1
48 46 1
48 47 1
49 1 1
49 2 1
49 3 1
49 5 1
49 7 1
49 8 1
49 10 1
49 12 1
49 13 1
49 14 1
49 15 1
49 16 1
49 20 1
49 22 1
49 23 1
49 24 1
49 26 1
49 28 1
49 31 1
49 32 1
49 35 1
49 36 1
49 37 1
49 38 1
49 39 1
49 40 1
49 41 1
49 42 1
49 45 1
49 46 1
49 47 1
49 48 1
50 1 1
50 3 1
50 4 1
50 5 1
50 6 1
50 10 1
50 11 1
50 14 1
50 15 1
50 17 1
50 18 1
50 20 1
50 21 1
50 22 1
50 23 1
50 24 1
50 25 1
50 26 1
50 28 1
50 29 1
50 31 1
50 32 1
50 34 1
50 35 1
50 38 1
50 39 1
50 40 1
50 41 1
50 42 1
50 43 1
50 47 1
51 1 1
51 3 1
51 4 1
51 6 1
51 10 1
51 11 1
51 12 1
51 16 1
51 22 1
51 23 1
51 25 1
51 26 1
51 27 1
51 28 1
51 29 1
51 30 1
51 31 1
51 35 1
51 36 1
51 38 1
51 39 1
51 40 1
51 41 1
51 43 1
51 44 1
51 45 1
51 47 1
51 50 1
52 3 1
52 4 1
52 6 1
52 8 1
52 10 1
52 11 1
52 12 1
52 14 1
52 16 1
52 18 1
52 23 1
52 29 1
52 31 1
52 32 1
52 34 1
52 35 1
52 40 1
52 41 1
52 42 1
52 43 1
52 46 1
52 47 1
52 48 1
52 49 1
52 50 1
52 51 1
53 1 1
53 2 1
53 4 1
53 5 1
53 7 1
53 11 1
53 12 1
53 13 1
53 15 1
53 16 1
53 19 1
53 20 1
53 22 1
53 23 1
53 26 1
53 27 1
53 28 1
53 31 1
53 33 1
53 34 1
53 35 1
53 36 1
53 39 1
53 40 1
53 41 1
53 42 1
53 47 1
54 2 1
54 5 1
54 6 1
54 9 1
54 10 1
54 11 1
54 12 1
54 14 1
54 16 1
54 17 1
54 19 1
54 20 1
54 21 1
54 22 1
54 23 1
54 24 1
54 25 1
54 26 1
54 27 1
54 29 1
54 33 1
54 34 1
54 35 1
54 36 1
54 37 1
54 38 1
54 41 1
54 43 1
54 44 1
54 45 1
54 48 1
54 51 1
54 52 1
54 53 1
55 1 1
55 3 1
55 10 1
55 11 1
55 12 1
55 13 1
55 16 1
55 18 1
55 27 1
55 28 1
55 31 1
55 32 1
55 34 1
55 35 1
55 36 1
55 38 1
55 39 1
55 40 1
55 47 1
55 48 1
55 54 1
56 2 1
56 4 1
56 8 1
56 9 1
56 11 1
56 12 1
56 13 1
56 14 1
56 16 1
56 19 1
56 22 1
56 23 1
56 24 1
56 26 1
56 28 1
56 29 1
56 32 1
56 34 1
56 35 1
56 36 1
56 38 1
56 41 1
56 42 1
56 43 1
56 45 1
56 48 1
56 49 1
56 51 1
56 52 1
56 53 1
56 55 1
57 3 1
57 4 1
57 5 1
57 6 1
57 7 1
57 9 1
57 12 1
57 13 1
57 14 1
57 15 1
57 17 1
57 22 1
57 23 1
57 24 1
57 25 1
57 30 1
57 33 1
57 37 1
57 38 1
57 39 1
57 40 1
57 42 1
57 43 1
57 46 1
57 48 1
57 56 1
58 3 1
58 5 1
58 6 1
58 8 1
58 11 1
58 12 1
58 14 1
58 15 1
58 16 1
58 19 1
58 20 1
58 22 1
58 23 1
58 26 1
58 29 1
58 31 1
58 32 1
58 33 1
58 34 1
58 35 1
58 36 1
58 37 1
58 40 1
58 43 1
58 44 1
58 46 1
58 47 1
58 48 1
58 49 1
58 50 1
58 53 1
58 56 1
58 57 1
59 2 1
59 7 1
59 8 1
59 12 1
59 14 1
59 15 1
59 16 1
59 23 1
59 27 1
59 31 1
59 34 1
59 35 1
59 36 1
59 37 1
59 40 1
59 41 1
59 43 1
59 44 1
59 46 1
59 47 1
59 48 1
59 49 1
59 55 1
59 56 1
59 57 1
59 58 1
60 2 1
60 6 1
60 8 1
60 9 1
60 10 1
60 11 1
60 13 1
60 18 1
60 20 1
60 22 1
60 24 1
60 31 1
60 32 1
60 34 1
60 35 1
60 38 1
60 41 1
60 42 1
60 43 1
60 45 1
60 46 1
60 47 1
60 49 1
60 50 1
60 51 1
60 52 1
60 56 1
60 59 1
61 1 1
61 2 1
61 6 1
61 7 1
61 8 1
61 9 1
61 10 1
61 12 1
61 13 1
61 15 1
61 22 1
61 23 1
61 26 1
61 28 1
61 33 1
61 37 1
61 44 1
61 46 1
61 48 1
61 49 1
61 51 1
61 53 1
61 54 1
61 56 1
61 58 1
61 59 1
61 60 1
62 1 1
62 4 1
62 5 1
62 8 1
62 11 1
62 18 1
62 20 1
62 22 1
62 25 1
62 27 1
62 28 1
62 29 1
62 30 1
62 31 1
62 34 1
62 36 1
62 38 1
62 39 1
62 41 1
62 45 1
62 46 1
62 47 1
62 48 1
62 50 1
62 51 1
62 52 1
62 53 1
62 55 1
62 57 1
62 58 1
62 61 1
63 2 1
63 3 1
63 4 1
63 6 1
63 8 1
63 9 1
63 10 1
63 12 1
63 14 1
63 15 1
63 16 1
63 17 1
63 18 1
63 20 1
63 21 1
63 23 1
63 24 1
63 30 1
63 31 1
63 36 1
63 41 1
63 42 1
63 43 1
63 45 1
63 46 1
63 47 1
63 48 1
63 49 1
63 54 1
63 56 1
63 60 1
63 62 1
64 1 1
64 4 1
64 7 1
64 8 1
64 12 1
64 13 1
64 16 1
64 17 1
64 22 1
64 26 1
64 35 1
64 36 1
64 37 1
64 38 1
64 39 1
64 40 1
64 41 1
64 42 1
64 46 1
64 49 1
64 52 1
64 54 1
64 59 1
64 60 1
64 61 1
64 62 1
64 63 1
65 2 1
65 4 1
65 6 1
65 9 1
65 15 1
65 17 1
65 19 1
65 24 1
65 29 1
65 32 1
65 34 1
65 35 1
65 39 1
65 41 1
65 44 1
65 45 1
65 49 1
65 50 1
65 51 1
65 52 1
65 54 1
65 57 1
65 60 1
65 62 1
65 64 1
66 2 1
66 3 1
66 5 1
66 7 1
66 9 1
66 10 1
66 11 1
66 13 1
66 18 1
66 20 1
66 22 1
66 23 1
66 24 1
66 34 1
66 35 1
66 44 1
66 47 1
66 48 1
66 51 1
66 52 1
66 53 1
66 56 1
66 57 1
66 58 1
66 64 1
67 1 1
67 2 1
67 3 1
67 4 1
67 6 1
67 9 1
67 10 1
67 11 1
67 12 1
67 13 1
67 14 1
67 15 1
67 16 1
67 21 1
67 22 1
67 26 1
67 27 1
67 28 1
67 30 1
67 31 1
67 35 1
67 36 1
67 39 1
67 40 1
67 42 1
67 43 1
67 45 1
67 46 1
67 47 1
67 48 1
67 49 1
67 50 1
67 52 1
67 53 1
67 57 1
67 59 1
67 60 1
67 61 1
67 63 1
67 65 1
67 66 1
68 1 1
68 10 1
68 11 1
68 13 1
68 14 1
68 16 1
68 17 1
68 18 1
68 19 1
68 21 1
68 24 1
68 27 1
68 28 1
68 29 1
68 33 1
68 35 1
68 41 1
68 43 1
68 44 1
68 45 1
68 46 1
68 48 1
68 49 1
68 51 1
68 52 1
68 53 1
68 54 1
68 56 1
68 60 1
68 61 1
68 64 1
68 65 1
69 2 1
69 4 1
69 7 1
69 9 1
69 10 1
69 11 1
69 12 1
69 13 1
69 14 1
69 15 1
69 17 1
69 19 1
69 20 1
69 21 1
69 22 1
69 23 1
69 24 1
69 27 1
69 30 1
69 31 1
69 32 1
69 34 1
69 35 1
69 36 1
69 39 1
69 41 1
69 43 1
69 44 1
69 46 1
69 47 1
69 49 1
69 50 1
69 51 1
69 52 1
69 57 1
69 58 1
69 59 1
69 63 1
69 67 1
69 68 1
70 4 1
70 7 1
70 9 1
70 10 1
70 11 1
70 13 1
70 14 1
70 18 1
70 19 1
70 20 1
70 22 1
70 24 1
70 25 1
70 26 1
70 27 1
70 29 1
70 30 1
70 32 1
70 33 1
70 36 1
70 38 1
70 40 1
70 41 1
70 42 1
70 43 1
70 46 1
70 47 1
70 48 1
70 49 1
70 50 1
70 53 1
70 54 1
70 55 1
70 56 1
70 58 1
70 60 1
70 69 1
71 1 1
71 4 1
71 6 1
71 8 1
71 10 1
71 11 1
71 12 1
71 17 1
71 21 1
71 22 1
71 26 1
71 27 1
71 30 1
71 32 1
71 34 1
71 36 1
71 38 1
71 41 1
71 43 1
71 44 1
71 45 1
71 48 1
71 49 1
71 53 1
71 57 1
71 58 1
71 59 1
71 62 1
71 63 1
71 64 1
71 65 1
71 68 1
72 1 1
72 2 1
72 11 1
72 13 1
72 15 1
72 16 1
72 19 1
72 20 1
72 24 1
72 25 1
72 29 1
72 31 1
72 34 1
72 35 1
72 39 1
72 40 1
72 42 1
72 43 1
72 45 1
72 46 1
72 47 1
72 48 1
72 50 1
72 51 1
72 53 1
72 55 1
72 58 1
72 66 1
72 67 1
72 69 1
72 70 1
72 71 1
73 4 1
73 5 1
73 8 1
73 10 1
73 12 1
73 15 1
73 16 1
73 17 1
73 18 1
73 20 1
73 22 1
73 24 1
73 25 1
73 27 1
73 28 1
73 31 1
73 32 1
73 33 1
73 34 1
73 38 1
73 40 1
73 44 1
73 45 1
73 47 1
73 49 1
73 50 1
73 51 1
73 52 1
73 53 1
73 54 1
73 55 1
73 57 1
73 59 1
73 61 1
73 62 1
73 63 1
73 65 1
73 66 1
73 68 1
73 72 1
74 1 1
74 3 1
74 5 1
74 8 1
74 11 1
74 12 1
74 14 1
74 16 1
74 18 1
74 19 1
74 20 1
74 21 1
74 22 1
74 24 1
74 25 1
74 27 1
74 32 1
74 34 1
74 35 1
74 37 1
74 42 1
74 44 1
74 48 1
74 49 1
74 50 1
74 52 1
74 53 1
74 54 1
74 55 1
74 59 1
74 62 1
74 63 1
74 65 1
74 66 1
74 67 1
74 72 1
74 73 1
75 1 1
75 4 1
75 6 1
75 9 1
75 16 1
75 17 1
75 18 1
75 24 1
75 25 1
75 26 1
75 28 1
75 31 1
75 33 1
75 34 1
75 35 1
75 36 1
75 37 1
75 38 1
75 41 1
75 43 1
75 45 1
75 46 1
75 49 1
75 50 1
75 52 1
75 53 1
75 54 1
75 56 1
75 57 1
75 61 1
75 65 1
75 66 1
75 68 1
75 69 1
75 70 1
75 71 1
75 73 1
75 74 1
76 7 1
76 8 1
76 9 1
76 10 1
76 11 1
76 14 1
76 15 1
76 16 1
76 17 1
76 18 1
76 21 1
76 23 1
76 24 1
76 25 1
76 27 1
76 29 1
76 30 1
76 31 1
76 34 1
76 38 1
76 40 1
76 41 1
76 42 1
76 44 1
76 45 1
76 46 1
76 47 1
76 53 1
76 54 1
76 56 1
76 58 1
76 59 1
76 64 1
76 65 1
76 66 1
76 69 1
76 71 1
76 72 1
76 73 1
76 74 1
76 75 1
77 2 1
77 3 1
77 5 1
77 8 1
77 11 1
77 12 1
77 14 1
77 18 1
77 19 1
77 21 1
77 22 1
77 23 1
77 24 1
77 25 1
77 27 1
77 28 1
77 31 1
77 32 1
77 35 1
77 37 1
77 38 1
77 39 1
77 41 1
77 42 1
77 44 1
77 46 1
77 48 1
77 51 1
77 52 1
77 54 1
77 56 1
77 58 1
77 59 1
77 62 1
77 63 1
77 70 1
77 73 1
78 3 1
78 6 1
78 7 1
78 8 1
78 10 1
78 12 1
78 14 1
78 17 1
78 19 1
78 20 1
78 22 1
78 24 1
78 25 1
78 27 1
78 30 1
78 32 1
78 33 1
78 35 1
78 36 1
78 39 1
78 45 1
78 47 1
78 49 1
78 53 1
78 54 1
78 55 1
78 56 1
78 57 1
78 58 1
78 59 1
78 61 1
78 62 1
78 66 1
78 70 1
78 77 1
79 1 1
79 4 1
79 6 1
79 8 1
79 9 1
79 10 1
79 12 1
79 15 1
79 17 1
79 21 1
79 23 1
79 24 1
79 25 1
79 28 1
79 30 1
79 31 1
79 33 1
79 35 1
79 36 1
79 37 1
79 39 1
79 40 1
79 41 1
79 42 1
79 44 1
79 47 1
79 53 1
79 56 1
79 59 1
79 60 1
79 61 1
79 64 1
79 67 1
79 71 1
79 72 1
79 73 1
79 75 1
79 76 1
79 78 1
80 2 1
80 5 1
80 6 1
80 9 1
80 12 1
80 14 1
80 15 1
80 18 1
80 22 1
80 23 1
80 25 1
80 26 1
80 28 1
80 33 1
80 34 1
80 35 1
80 36 1
80 38 1
80 44 1
80 45 1
80 46 1
80 48 1
80 49 1
80 58 1
80 63 1
80 64 1
80 67 1
80 69 1
80 70 1
80 72 1
80 73 1
80 75 1
80 78 1
81 3 1
81 4 1
81 6 1
81 7 1
81 8 1
81 10 1
81 11 1
81 12 1
81 14 1
81 16 1
81 19 1
81 21 1
81 22 1
81 23 1
81 31 1
81 33 1
81 34 1
81 36 1
81 40 1
81 44 1
81 45 1
81 46 1
81 47 1
81 48 1
81 52 1
81 54 1
81 55 1
81 56 1
81 58 1
81 59 1
81 60 1
81 61 1
81 69 1
81 72 1
81 74 1
81 75 1
81 79 1
82 3 1
82 4 1
82 6 1
82 7 1
82 8 1
82 13 1
82 15 1
82 17 1
82 21 1
82 22 1
82 24 1
82 25 1
82 32 1
82 34 1
82 35 1
82 36 1
82 37 1
82 40 1
82 41 1
82 42 1
82 44 1
82 47 1
82 48 1
82 49 1
82 52 1
82 53 1
82 57 1
82 58 1
82 60 1
82 61 1
82 63 1
82 67 1
82 69 1
82 71 1
82 73 1
82 75 1
82 76 1
82 77 1
82 78 1
82 79 1
82 81 1
83 1 1
83 2 1
83 3 1
83 6 1
83 7 1
83 8 1
83 9 1
83 10 1
83 12 1
83 13 1
83 14 1
83 15 1
83 16 1
83 17 1
83 19 1
83 21 1
83 22 1
83 23 1
83 24 1
83 25 1
83 26 1
83 28 1
83 30 1
83 31 1
83 34 1
83 35 1
83 36 1
83 37 1
83 44 1
83 45 1
83 46 1
83 47 1
83 49 1
83 51 1
83 52 1
83 56 1
83 59 1
83 60 1
83 61 1
83 65 1
83 66 1
83 71 1
83 73 1
83 74 1
83 76 1
83 77 1
83 82 1
84 2 1
84 9 1
84 11 1
84 12 1
84 13 1
84 14 1
84 19 1
84 20 1
84 21 1
84 24 1
84 25 1
84 26 1
84 28 1
84 29 1
84 30 1
84 32 1
84 33 1
84 35 1
84 36 1
84 37 1
84 42 1
84 44 1
84 46 1
84 48 1
84 51 1
84 52 1
84 55 1
84 57 1
84 61 1
84 65 1
84 67 1
84 71 1
84 73 1
84 76 1
84 77 1
84 78 1
84 79 1
84 83 1
85 2 1
85 5 1
85 7 1
85 8 1
85 12 1
85 13 1
85 14 1
85 15 1
85 16 1
85 19 1
85 21 1
85 23 1
85 24 1
85 25 1
85 30 1
85 32 1
85 35 1
85 36 1
85 39 1
85 40 1
85 41 1
85 42 1
85 44 1
85 48 1
85 49 1
85 53 1
85 54 1
85 55 1
85 63 1
85 64 1
85 65 1
85 66 1
85 67 1
85 68 1
85 70 1
85 71 1
85 72 1
85 75 1
85 76 1
85 78 1
85 80 1
85 84 1
86 2 1
86 4 1
86 7 1
86 8 1
86 9 1
86 10 1
86 11 1
86 13 1
86 15 1
86 16 1
86 18 1
86 19 1
86 22 1
86 23 1
86 25 1
86 27 1
86 28 1
86 31 1
86 32 1
86 35 1
86 36 1
86 38 1
86 42 1
86 44 1
86 45 1
86 46 1
86 47 1
86 49 1
86 51 1
86 54 1
86 55 1
86 56 1
86 59 1
86 60 1
86 62 1
86 64 1
86 65 1
86 68 1
86 69 1
86 70 1
86 72 1
86 73 1
86 76 1
86 81 1
86 84 1
86 85 1
87 3 1
87 4 1
87 5 1
87 6 1
87 7 1
87 8 1
87 11 1
87 13 1
87 15 1
87 17 1
87 18 1
87 19 1
87 20 1
87 22 1
87 23 1
87 25 1
87 28 1
87 30 1
87 33 1
87 34 1
87 35 1
87 36 1
87 37 1
87 38 1
87 39 1
87 41 1
87 42 1
87 44 1
87 45 1
87 47 1
87 48 1
87 49 1
87 55 1
87 57 1
87 60 1
87 61 1
87 64 1
87 67 1
87 68 1
87 69 1
87 70 1
87 72 1
87 73 1
87 74 1
87 76 1
87 77 1
87 78 1
87 80 1
87 82 1
87 83 1
87 84 1
88 3 1
88 4 1
88 5 1
88 6 1
88 8 1
88 9 1
88 10 1
88 14 1
88 16 1
88 17 1
88 19 1
88 22 1
88 25 1
88 30 1
88 32 1
88 33 1
88 34 1
88 35 1
88 36 1
88 37 1
88 41 1
88 42 1
88 43 1
88 46 1
88 47 1
88 48 1
88 49 1
88 54 1
88 56 1
88 57 1
88 61 1
88 63 1
88 64 1
88 71 1
88 72 1
88 73 1
88 75 1
88 77 1
88 78 1
88 79 1
88 80 1
88 83 1
88 85 1
89 1 1
89 2 1
89 5 1
89 7 1
89 9 1
89 10 1
89 18 1
89 21 1
89 22 1
89 24 1
89 25 1
89 26 1
89 27 1
89 29 1
89 31 1
89 32 1
89 33 1
89 35 1
89 36 1
89 37 1
89 39 1
89 41 1
89 42 1
89 46 1
89 47 1
89 50 1
89 51 1
89 52 1
89 54 1
89 55 1
89 57 1
89 60 1
89 67 1
89 68 1
89 70 1
89 74 1
89 76 1
89 78 1
89 79 1
89 80 1
89 81 1
89 82 1
89 85 1
89 86 1
89 88 1
90 1 1
90 5 1
90 6 1
90 7 1
90 8 1
90 10 1
90 11 1
90 13 1
90 17 1
90 19 1
90 21 1
90 23 1
90 24 1
90 25 1
90 28 1
90 29 1
90 32 1
90 33 1
90 35 1
90 36 1
90 37 1
90 38 1
90 46 1
90 49 1
90 50 1
90 55 1
90 56 1
90 61 1
90 62 1
90 63 1
90 65 1
90 66 1
90 67 1
90 68 1
90 72 1
90 75 1
90 76 1
90 80 1
90 81 1
90 82 1
90 84 1
90 85 1
90 87 1
90 88 1
91 1 1
91 2 1
91 3 1
91 5 1
91 6 1
91 8 1
91 9 1
91 10 1
91 11 1
91 12 1
91 13 1
91 14 1
91 19 1
91 22 1
91 23 1
91 25 1
91 28 1
91 29 1
91 37 1
91 38 1
91 40 1
91 42 1
91 43 1
91 46 1
91 48 1
91 50 1
91 51 1
91 52 1
91 53 1
91 56 1
91 57 1
91 61 1
91 62 1
91 63 1
91 68 1
91 69 1
91 70 1
91 71 1
91 76 1
91 78 1
91 80 1
91 81 1
91 82 1
91 86 1
91 87 1
91 88 1
92 1 1
92 3 1
92 4 1
92 6 1
92 8 1
92 9 1
92 10 1
92 12 1
92 15 1
92 18 1
92 21 1
92 24 1
92 27 1
92 28 1
92 32 1
92 35 1
92 40 1
92 41 1
92 45 1
92 49 1
92 52 1
92 53 1
92 54 1
92 55 1
92 56 1
92 57 1
92 58 1
92 59 1
92 61 1
92 62 1
92 64 1
92 66 1
92 69 1
92 70 1
92 72 1
92 73 1
92 74 1
92 75 1
92 77 1
92 78 1
92 80 1
92 82 1
92 83 1
92 84 1
92 87 1
92 89 1
92 90 1
93 1 1
93 9 1
93 11 1
93 14 1
93 16 1
93 17 1
93 18 1
93 19 1
93 21 1
93 26 1
93 29 1
93 31 1
93 33 1
93 36 1
93 38 1
93 39 1
93 40 1
93 41 1
93 46 1
93 47 1
93 48 1
93 49 1
93 50 1
93 51 1
93 53 1
93 54 1
93 55 1
93 56 1
93 61 1
93 62 1
93 65 1
93 66 1
93 67 1
93 74 1
93 81 1
93 85 1
93 89 1
94 1 1
94 3 1
94 4 1
94 6 1
94 7 1
94 8 1
94 10 1
94 18 1
94 20 1
94 22 1
94 23 1
94 28 1
94 29 1
94 31 1
94 34 1
94 36 1
94 37 1
94 38 1
94 40 1
94 41 1
94 44 1
94 45 1
94 48 1
94 49 1
94 50 1
94 51 1
94 57 1
94 58 1
94 59 1
94 61 1
94 62 1
94 63 1
94 64 1
94 65 1
94 66 1
94 69 1
94 71 1
94 72 1
94 73 1
94 78 1
94 82 1
94 87 1
94 88 1
94 90 1
94 91 1
94 92 1
95 4 1
95 5 1
95 7 1
95 8 1
95 10 1
95 12 1
95 13 1
95 14 1
95 17 1
95 18 1
95 22 1
95 23 1
95 26 1
95 27 1
95 30 1
95 33 1
95 34 1
95 35 1
95 37 1
95 41 1
95 43 1
95 44 1
95 47 1
95 52 1
95 53 1
95 54 1
95 55 1
95 56 1
95 57 1
95 58 1
95 60 1
95 62 1
95 63 1
95 66 1
95 67 1
95 69 1
95 70 1
95 72 1
95 80 1
95 87 1
95 88 1
95 89 1
95 91 1
95 92 1
95 93 1
96 3 1
96 5 1
96 6 1
96 16 1
96 18 1
96 19 1
96 22 1
96 26 1
96 31 1
96 34 1
96 35 1
96 37 1
96 45 1
96 46 1
96 49 1
96 50 1
96 51 1
96 53 1
96 55 1
96 56 1
96 57 1
96 58 1
96 61 1
96 62 1
96 63 1
96 65 1
96 68 1
96 69 1
96 70 1
96 71 1
96 72 1
96 73 1
96 75 1
96 77 1
96 80 1
96 81 1
96 83 1
96 86 1
96 88 1
96 89 1
96 91 1
96 95 1
97 2 1
97 4 1
97 6 1
97 7 1
97 9 1
97 11 1
97 12 1
97 15 1
97 17 1
97 18 1
97 20 1
97 21 1
97 22 1
97 23 1
97 24 1
97 26 1
97 32 1
97 33 1
97 36 1
97 37 1
97 38 1
97 40 1
97 45 1
97 47 1
97 48 1
97 50 1
97 52 1
97 56 1
97 61 1
97 62 1
97 63 1
97 66 1
97 69 1
97 71 1
97 72 1
97 73 1
97 77 1
97 78 1
97 79 1
97 81 1
97 83 1
97 89 1
97 95 1
98 1 1
98 4 1
98 15 1
98 17 1
98 18 1
98 19 1
98 22 1
98 24 1
98 25 1
98 29 1
98 31 1
98 39 1
98 42 1
98 44 1
98 46 1
98 47 1
98 48 1
98 58 1
98 59 1
98 61 1
98 63 1
98 64 1
98 66 1
98 70 1
98 71 1
98 72 1
98 73 1
98 78 1
98 80 1
98 83 1
98 84 1
98 87 1
98 88 1
98 89 1
98 92 1
98 95 1
98 96 1
98 97 1
99 1 1
99 2 1
99 8 1
99 9 1
99 10 1
99 12 1
99 13 1
99 14 1
99 15 1
99 17 1
99 18 1
99 20 1
99 21 1
99 23 1
99 24 1
99 33 1
99 36 1
99 37 1
99 38 1
99 40 1
99 42 1
99 44 1
99 48 1
99 49 1
99 51 1
99 55 1
99 57 1
99 59 1
99 60 1
99 61 1
99 62 1
99 63 1
99 71 1
99 81 1
99 82 1
99 86 1
99 88 1
99 90 1
99 92 1
99 93 1
99 96 1
100 1 1
100 6 1
100 8 1
100 10 1
100 13 1
100 14 1
100 17 1
100 23 1
100 24 1
100 26 1
100 28 1
100 29 1
100 30 1
100 31 1
100 35 1
100 36 1
100 38 1
100 40 1
100 41 1
100 42 1
100 47 1
100 48 1
100 51 1
100 52 1
100 53 1
100 54 1
100 59 1
100 60 1
100 61 1
100 62 1
100 66 1
100 67 1
100 70 1
100 71 1
100 73 1
100 74 1
100 76 1
100 82 1
100 83 1
100 85 1
100 88 1
100 91 1
100 93 1
100 94 1
100 96 1
101 2 1
101 5 1
101 7 1
101 8 1
101 10 1
101 12 1
101 17 1
101 19 1
101 21 1
101 22 1
101 23 1
101 26 1
101 27 1
101 29 1
101 30 1
101 33 1
101 35 1
101 37 1
101 43 1
101 46 1
101 47 1
101 50 1
101 51 1
101 52 1
101 54 1
101 62 1
101 64 1
101 65 1
101 66 1
101 68 1
101 71 1
101 72 1
101 73 1
101 75 1
101 78 1
101 82 1
101 87 1
101 88 1
101 93 1
101 94 1
101 100 1
102 1 1
102 2 1
102 3 1
102 8 1
102 11 1
102 13 1
102 14 1
102 15 1
102 23 1
102 27 1
102 29 1
102 30 1
102 31 1
102 34 1
102 36 1
102 37 1
102 38 1
102 44 1
102 45 1
102 47 1
102 49 1
102 54 1
102 56 1
102 59 1
102 60 1
102 61 1
102 62 1
102 66 1
102 67 1
102 70 1
102 73 1
102 74 1
102 76 1
102 79 1
102 82 1
102 84 1
102 85 1
102 86 1
102 87 1
102 88 1
102 89 1
102 90 1
102 91 1
102 92 1
102 96 1
102 97 1
102 98 1
103 1 1
103 2 1
103 3 1
103 7 1
103 9 1
103 10 1
103 12 1
103 14 1
103 17 1
103 20 1
103 23 1
103 24 1
103 25 1
103 27 1
103 28 1
103 30 1
103 32 1
103 39 1
103 41 1
103 42 1
103 43 1
103 44 1
103 45 1
103 48 1
103 49 1
103 53 1
103 56 1
103 57 1
103 58 1
103 60 1
103 62 1
103 63 1
103 65 1
103 66 1
103 67 1
103 69 1
103 71 1
103 72 1
103 76 1
103 77 1
103 78 1
103 81 1
103 82 1
103 84 1
103 85 1
103 88 1
103 89 1
103 90 1
103 92 1
103 98 1
103 102 1
104 1 1
104 4 1
104 5 1
104 8 1
104 10 1
104 12 1
104 14 1
104 15 1
104 18 1
104 21 1
104 22 1
104 23 1
104 24 1
104 25 1
104 28 1
104 29 1
104 31 1
104 33 1
104 34 1
104 35 1
104 36 1
104 39 1
104 40 1
104 41 1
104 43 1
104 44 1
104 45 1
104 47 1
104 52 1
104 53 1
104 58 1
104 62 1
104 64 1
104 65 1
104 70 1
104 71 1
104 74 1
104 75 1
104 78 1
104 81 1
104 82 1
104 83 1
104 85 1
104 86 1
104 87 1
104 90 1
104 93 1
104 94 1
104 96 1
104 97 1
104 98 1
104 99 1
104 101 1
104 102 1
105 1 1
105 2 1
105 5 1
105 7 1
105 8 1
105 11 1
105 12 1
105 18 1
105 21 1
105 26 1
105 27 1
105 30 1
105 35 1
105 37 1
105 38 1
105 44 1
105 45 1
105 48 1
105 49 1
105 50 1
105 51 1
105 53 1
105 55 1
105 58 1
105 59 1
105 61 1
105 62 1
105 64 1
105 65 1
105 66 1
105 67 1
105 68 1
105 70 1
105 72 1
105 76 1
105 77 1
105 78 1
105 81 1
105 82 1
105 83 1
105 84 1
105 89 1
105 94 1
105 95 1
105 96 1
105 99 1
105 103 1
105 104 1
106 1 1
106 2 1
106 3 1
106 7 1
106 10 1
106 11 1
106 12 1
106 14 1
106 15 1
106 17 1
106 18 1
106 22 1
106 24 1
106 25 1
106 26 1
106 29 1
106 32 1
106 33 1
106 38 1
106 41 1
106 46 1
106 48 1
106 50 1
106 52 1
106 55 1
106 57 1
106 58 1
106 60 1
106 61 1
106 62 1
106 63 1
106 64 1
106 65 1
106 66 1
106 67 1
106 70 1
106 74 1
106 76 1
106 80 1
106 84 1
106 85 1
106 86 1
106 87 1
106 89 1
106 92 1
106 93 1
106 94 1
106 96 1
106 98 1
106 99 1
106 100 1
106 101 1
106 105 1
107 1 1
107 2 1
107 7 1
107 8 1
107 9 1
107 10 1
107 12 1
107 13 1
107 14 1
107 15 1
107 16 1
107 18 1
107 24 1
107 26 1
107 31 1
107 32 1
107 36 1
107 42 1
107 43 1
107 44 1
107 45 1
107 46 1
107 50 1
107 52 1
107 54 1
107 55 1
107 59 1
107 60 1
107 63 1
107 65 1
107 66 1
107 67 1
107 69 1
107 70 1
107 72 1
107 75 1
107 76 1
107 77 1
107 79 1
107 83 1
107 86 1
107 87 1
107 88 1
107 89 1
107 93 1
107 94 1
107 96 1
107 97 1
107 99 1
107 102 1
107 104 1
108 1 1
108 3 1
108 4 1
108 7 1
108 8 1
108 9 1
108 10 1
108 15 1
108 17 1
108 19 1
108 20 1
108 21 1
108 23 1
108 24 1
108 25 1
108 26 1
108 27 1
108 28 1
108 29 1
108 32 1
108 34 1
108 37 1
108 39 1
108 41 1
108 43 1
108 46 1
108 49 1
108 55 1
108 56 1
108 57 1
108 58 1
108 59 1
108 60 1
108 61 1
108 62 1
108 63 1
108 64 1
108 71 1
108 80 1
108 81 1
108 82 1
108 84 1
108 85 1
108 86 1
108 87 1
108 88 1
108 90 1
108 91 1
108 92 1
108 96 1
108 99 1
108 100 1
108 102 1
108 103 1
108 106 1
108 107 1
109 6 1
109 7 1
109 8 1
109 10 1
109 11 1
109 12 1
109 16 1
109 20 1
109 23 1
109 24 1
109 25 1
109 27 1
109 28 1
109 29 1
109 31 1
109 32 1
109 37 1
109 38 1
109 40 1
109 41 1
109 44 1
109 45 1
109 46 1
109 49 1
109 50 1
109 51 1
109 53 1
109 54 1
109 56 1
109 57 1
109 58 1
109 60 1
109 61 1
109 63 1
109 64 1
109 66 1
109 68 1
109 72 1
109 73 1
109 74 1
109 75 1
109 81 1
109 83 1
109 84 1
109 85 1
109 86 1
109 87 1
109 88 1
109 92 1
109 94 1
109 96 1
109 97 1
109 98 1
109 99 1
109 100 1
109 103 1
109 104 1
109 105 1
110 2 1
110 3 1
110 4 1
110 6 1
110 8 1
110 13 1
110 14 1
110 15 1
110 17 1
110 18 1
110 20 1
110 21 1
110 23 1
110 25 1
110 28 1
110 29 1
110 30 1
110 31 1
110 33 1
110 34 1
110 35 1
110 36 1
110 40 1
110 42 1
110 43 1
110 44 1
110 46 1
110 49 1
110 51 1
110 55 1
110 57 1
110 60 1
110 61 1
110 62 1
110 63 1
110 66 1
110 68 1
110 69 1
110 72 1
110 75 1
110 77 1
110 78 1
110 81 1
110 83 1
110 84 1
110 85 1
110 87 1
110 89 1
110 91 1
110 93 1
110 94 1
110 95 1
110 98 1
110 99 1
110 100 1
110 103 1
110 105 1
110 107 1
110 108 1
110 109 1
111 1 1
111 4 1
111 9 1
111 10 1
111 13 1
111 17 1
111 19 1
111 20 1
111 23 1
111 25 1
111 26 1
111 30 1
111 34 1
111 35 1
111 36 1
111 38 1
111 39 1
111 41 1
111 44 1
111 45 1
111 47 1
111 49 1
111 52 1
111 53 1
111 54 1
111 55 1
111 57 1
111 58 1
111 60 1
111 61 1
111 62 1
111 67 1
111 69 1
111 72 1
111 73 1
111 74 1
111 80 1
111 86 1
111 89 1
111 90 1
111 93 1
111 95 1
111 96 1
111 101 1
111 109 1
112 5 1
112 6 1
112 9 1
112 10 1
112 11 1
112 12 1
112 13 1
112 20 1
112 24 1
112 25 1
112 26 1
112 28 1
112 33 1
112 34 1
112 36 1
112 38 1
112 39 1
112 40 1
112 41 1
112 42 1
112 45 1
112 46 1
112 47 1
112 49 1
112 50 1
112 51 1
112 52 1
112 54 1
112 55 1
112 57 1
112 60 1
112 61 1
112 63 1
112 64 1
112 65 1
112 70 1
112 72 1
112 73 1
112 74 1
112 78 1
112 79 1
112 80 1
112 81 1
112 83 1
112 84 1
112 87 1
112 88 1
112 90 1
112 95 1
112 98 1
112 100 1
112 101 1
112 102 1
112 107 1
112 108 1
113 2 1
113 4 1
113 5 1
113 7 1
113 11 1
113 12 1
113 13 1
113 14 1
113 15 1
113 18 1
113 20 1
113 22 1
113 24 1
113 28 1
113 29 1
113 33 1
113 37 1
113 38 1
113 44 1
113 46 1
113 47 1
113 48 1
113 49 1
113 52 1
113 55 1
113 57 1
113 58 1
113 61 1
113 62 1
113 63 1
113 65 1
113 66 1
113 68 1
113 69 1
113 71 1
113 72 1
113 74 1
113 75 1
113 78 1
113 80 1
113 82 1
113 83 1
113 86 1
113 87 1
113 88 1
113 90 1
113 91 1
113 92 1
113 93 1
113 94 1
113 95 1
113 96 1
113 98 1
113 100 1
113 101 1
113 102 1
113 104 1
113 105 1
113 108 1
113 109 1
113 110 1
113 111 1
113 112 1
114 4 1
114 5 1
114 6 1
114 7 1
114 9 1
114 11 1
114 12 1
114 17 1
114 20 1
114 21 1
114 27 1
114 28 1
114 30 1
114 31 1
114 32 1
114 34 1
114 37 1
114 38 1
114 39 1
114 44 1
114 47 1
114 51 1
114 52 1
114 55 1
114 56 1
114 58 1
114 59 1
114 60 1
114 68 1
114 70 1
114 72 1
114 73 1
114 77 1
114 78 1
114 80 1
114 83 1
114 85 1
114 86 1
114 87 1
114 88 1
114 92 1
114 93 1
114 95 1
114 97 1
114 100 1
114 102 1
114 104 1
114 106 1
114 109 1
114 110 1
114 112 1
115 1 1
115 2 1
115 3 1
115 4 1
115 5 1
115 6 1
115 7 1
115 10 1
115 12 1
115 15 1
115 16 1
115 22 1
115 26 1
115 29 1
115 32 1
115 33 1
115 34 1
115 35 1
115 36 1
115 37 1
115 39 1
115 41 1
115 42 1
115 43 1
115 44 1
115 45 1
115 48 1
115 50 1
115 52 1
115 56 1
115 57 1
115 58 1
115 59 1
115 60 1
115 61 1
115 62 1
115 64 1
115 65 1
115 66 1
115 68 1
115 70 1
115 71 1
115 72 1
115 73 1
115 77 1
115 78 1
115 83 1
115 85 1
115 86 1
115 92 1
115 93 1
115 94 1
115 96 1
115 98 1
115 101 1
115 106 1
115 107 1
115 110 1
116 3 1
116 5 1
116 7 1
116 11 1
116 12 1
116 15 1
116 16 1
116 17 1
116 19 1
116 20 1
116 24 1
116 27 1
116 28 1
116 30 1
116 31 1
116 32 1
116 34 1
116 35 1
116 38 1
116 39 1
116 41 1
116 45 1
116 46 1
116 47 1
116 48 1
116 50 1
116 51 1
116 53 1
116 56 1
116 57 1
116 58 1
116 59 1
116 62 1
116 63 1
116 68 1
116 70 1
116 71 1
116 74 1
116 76 1
116 77 1
116 83 1
116 84 1
116 86 1
116 87 1
116 88 1
116 90 1
116 91 1
116 94 1
116 95 1
116 102 1
116 104 1
116 106 1
116 108 1
116 109 1
116 111 1
116 112 1
116 115 1
117 2 1
117 4 1
117 12 1
117 13 1
117 14 1
117 17 1
117 19 1
117 21 1
117 23 1
117 24 1
117 25 1
117 27 1
117 28 1
117 32 1
117 33 1
117 35 1
117 36 1
117 37 1
117 38 1
117 41 1
117 43 1
117 44 1
117 46 1
117 47 1
117 49 1
117 50 1
117 52 1
117 53 1
117 54 1
117 56 1
117 58 1
117 60 1
117 61 1
117 64 1
117 65 1
117 66 1
117 67 1
117 68 1
117 69 1
117 70 1
117 71 1
117 72 1
117 81 1
117 82 1
117 87 1
117 88 1
117 89 1
117 92 1
117 93 1
117 94 1
117 100 1
117 101 1
117 102 1
117 105 1
117 106 1
117 109 1
117 110 1
117 111 1
117 114 1
117 115 1
117 116 1
118 2 1
118 3 1
118 4 1
118 5 1
118 6 1
118 7 1
118 9 1
118 10 1
118 12 1
118 14 1
118 17 1
118 19 1
118 20 1
118 21 1
118 23 1
118 24 1
118 29 1
118 30 1
118 31 1
118 34 1
118 36 1
118 38 1
118 42 1
118 43 1
118 44 1
118 45 1
118 48 1
118 50 1
118 54 1
118 57 1
118 58 1
118 59 1
118 60 1
118 64 1
118 65 1
118 67 1
118 69 1
118 70 1
118 73 1
118 80 1
118 81 1
118 83 1
118 84 1
118 85 1
118 86 1
118 88 1
118 90 1
118 91 1
118 92 1
118 94 1
118 95 1
118 96 1
118 97 1
118 100 1
118 102 1
118 104 1
118 107 1
118 111 1
118 114 1
118 117 1
119 2 1
119 3 1
119 5 1
119 6 1
119 7 1
119 8 1
119 16 1
119 19 1
119 20 1
119 23 1
119 24 1
119 25 1
119 28 1
119 29 1
119 30 1
119 32 1
119 36 1
119 37 1
119 39 1
119 42 1
119 45 1
119 46 1
119 48 1
119 49 1
119 51 1
119 52 1
119 61 1
119 64 1
119 67 1
119 72 1
119 76 1
119 77 1
119 79 1
119 80 1
119 83 1
119 84 1
119 85 1
119 89 1
119 93 1
119 94 1
119 97 1
119 108 1
119 111 1
119 112 1
119 113 1
119 114 1
119 115 1
119 116 1
119 117 1
119 118 1
120 1 1
120 2 1
120 3 1
120 4 1
120 6 1
120 7 1
120 8 1
120 10 1
120 12 1
120 14 1
120 15 1
120 16 1
120 17 1
120 21 1
120 22 1
120 24 1
120 25 1
120 27 1
120 28 1
120 29 1
120 32 1
120 35 1
120 41 1
120 42 1
120 43 1
120 44 1
120 48 1
120 49 1
120 50 1
120 51 1
120 54 1
120 55 1
120 57 1
120 59 1
120 61 1
120 63 1
120 64 1
120 66 1
120 68 1
120 70 1
120 71 1
120 75 1
120 76 1
120 78 1
120 79 1
120 80 1
120 85 1
120 86 1
120 88 1
120 92 1
120 93 1
120 94 1
120 95 1
120 98 1
120 99 1
120 101 1
120 102 1
120 105 1
120 110 1
120 116 1
120 118 1
120 119 1
121 2 1
121 3 1
121 4 1
121 9 1
121 12 1
121 14 1
121 19 1
121 20 1
121 22 1
121 23 1
121 25 1
121 26 1
121 27 1
121 29 1
121 30 1
121 31 1
121 32 1
121 33 1
121 34 1
121 37 1
121 38 1
121 40 1
121 42 1
121 44 1
121 45 1
121 47 1
121 48 1
121 50 1
121 51 1
121 52 1
121 55 1
121 56 1
121 57 1
121 60 1
121 61 1
121 62 1
121 64 1
121 65 1
121 66 1
121 67 1
121 69 1
121 70 1
121 71 1
121 75 1
121 80 1
121 82 1
121 83 1
121 84 1
121 86 1
121 88 1
121 91 1
121 97 1
121 101 1
121 104 1
121 105 1
121 106 1
121 109 1
121 110 1
121 111 1
121 112 1
121 113 1
121 114 1
121 116 1
121 117 1
121 119 1
121 120 1
122 1 1
122 2 1
122 4 1
122 6 1
122 14 1
122 15 1
122 16 1
122 21 1
122 23 1
122 24 1
122 25 1
122 26 1
122 27 1
122 28 1
122 29 1
122 31 1
122 33 1
122 37 1
122 41 1
122 42 1
122 43 1
122 44 1
122 49 1
122 50 1
122 51 1
122 52 1
122 53 1
122 54 1
122 56 1
122 57 1
122 62 1
122 66 1
122 70 1
122 72 1
122 74 1
122 76 1
122 78 1
122 79 1
122 80 1
122 81 1
122 84 1
122 86 1
122 88 1
122 94 1
122 95 1
122 98 1
122 102 1
122 103 1
122 104 1
122 108 1
122 109 1
122 110 1
122 111 1
122 112 1
122 114 1
122 116 1
122 117 1
122 120 1
123 3 1
123 5 1
123 9 1
123 13 1
123 16 1
123 18 1
123 19 1
123 20 1
123 21 1
123 24 1
123 27 1
123 28 1
123 31 1
123 32 1
123 41 1
123 45 1
123 46 1
123 49 1
123 55 1
123 56 1
123 57 1
123 58 1
123 59 1
123 60 1
123 63 1
123 65 1
123 66 1
123 70 1
123 73 1
123 74 1
123 75 1
123 76 1
123 78 1
123 81 1
123 82 1
123 83 1
123 85 1
123 86 1
123 87 1
123 89 1
123 92 1
123 93 1
123 101 1
123 102 1
123 104 1
123 106 1
123 108 1
123 109 1
123 110 1
123 111 1
123 112 1
123 115 1
123 118 1
123 119 1
123 122 1
124 2 1
124 3 1
124 4 1
124 5 1
124 6 1
124 9 1
124 10 1
124 13 1
124 14 1
124 16 1
124 17 1
124 18 1
124 20 1
124 21 1
124 23 1
124 27 1
124 28 1
124 29 1
124 30 1
124 32 1
124 33 1
124 39 1
124 40 1
124 44 1
124 45 1
124 47 1
124 52 1
124 54 1
124 56 1
124 58 1
124 60 1
124 62 1
124 64 1
124 65 1
124 66 1
124 70 1
124 71 1
124 78 1
124 79 1
124 81 1
124 87 1
124 89 1
124 93 1
124 95 1
124 96 1
124 99 1
124 101 1
124 102 1
124 103 1
124 104 1
124 106 1
124 110 1
124 111 1
124 113 1
124 114 1
124 116 1
124 117 1
124 118 1
124 120 1
125 3 1
125 4 1
125 9 1
125 10 1
125 13 1
125 15 1
125 16 1
125 18 1
125 19 1
125 22 1
125 24 1
125 26 1
125 28 1
125 29 1
125 31 1
125 32 1
125 35 1
125 36 1
125 37 1
125 41 1
125 44 1
125 47 1
125 51 1
125 52 1
125 54 1
125 57 1
125 58 1
125 60 1
125 61 1
125 65 1
125 66 1
125 67 1
125 68 1
125 70 1
125 71 1
125 72 1
125 75 1
125 76 1
125 77 1
125 81 1
125 82 1
125 83 1
125 85 1
125 87 1
125 88 1
125 89 1
125 90 1
125 92 1
125 94 1
125 95 1
125 96 1
125 97 1
125 98 1
125 100 1
125 101 1
125 105 1
125 109 1
125 113 1
125 115 1
125 117 1
125 119 1
125 120 1
126 1 1
126 2 1
126 3 1
126 9 1
126 10 1
126 14 1
126 16 1
126 18 1
126 24 1
126 25 1
126 26 1
126 27 1
126 28 1
126 29 1
126 31 1
126 37 1
126 38 1
126 42 1
126 43 1
126 48 1
126 51 1
126 53 1
126 54 1
126 58 1
126 61 1
126 62 1
126 66 1
126 68 1
126 72 1
126 76 1
126 79 1
126 81 1
126 83 1
126 85 1
126 86 1
126 90 1
126 94 1
126 98 1
126 100 1
126 101 1
126 102 1
126 103 1
126 106 1
126 107 1
126 108 1
126 112 1
126 113 1
126 114 1
126 115 1
126 116 1
126 117 1
126 119 1
126 121 1
126 122 1
126 125 1
127 1 1
127 4 1
127 5 1
127 6 1
127 7 1
127 8 1
127 9 1
127 11 1
127 12 1
127 13 1
127 15 1
127 20 1
127 21 1
127 23 1
127 24 1
127 25 1
127 29 1
127 30 1
127 36 1
127 42 1
127 43 1
127 46 1
127 47 1
127 48 1
127 49 1
127 50 1
127 53 1
127 55 1
127 57 1
127 58 1
127 59 1
127 62 1
127 63 1
127 70 1
127 73 1
127 75 1
127 79 1
127 80 1
127 81 1
127 82 1
127 84 1
127 86 1
127 87 1
127 88 1
127 92 1
127 101 1
127 102 1
127 103 1
127 104 1
127 107 1
127 109 1
127 112 1
127 117 1
127 118 1
127 120 1
127 123 1
127 126 1
128 3 1
128 4 1
128 7 1
128 8 1
128 9 1
128 10 1
128 11 1
128 13 1
128 14 1
128 15 1
128 18 1
128 22 1
128 25 1
128 26 1
128 27 1
128 30 1
128 32 1
128 37 1
128 38 1
128 42 1
128 43 1
128 50 1
128 51 1
128 53 1
128 57 1
128 59 1
128 63 1
128 66 1
128 67 1
128 68 1
128 69 1
128 74 1
128 76 1
128 77 1
128 78 1
128 80 1
128 85 1
128 86 1
128 87 1
128 89 1
128 91 1
128 93 1
128 96 1
128 98 1
128 99 1
128 100 1
128 102 1
128 104 1
128 105 1
128 109 1
128 111 1
128 113 1
128 114 1
128 118 1
128 119 1
128 121 1
128 124 1
128 125 1
128 127 1
129 2 1
129 5 1
129 7 1
129 8 1
129 11 1
129 12 1
129 15 1
129 16 1
129 18 1
129 20 1
129 22 1
129 24 1
129 25 1
129 27 1
129 29 1
129 30 1
129 32 1
129 34 1
129 37 1
129 38 1
129 41 1
129 42 1
129 43 1
129 45 1
129 48 1
129 51 1
129 52 1
129 53 1
129 54 1
129 55 1
129 57 1
129 58 1
129 59 1
129 60 1
129 63 1
129 64 1
129 65 1
129 66 1
129 69 1
129 71 1
129 73 1
129 74 1
129 77 1
129 81 1
129 82 1
129 83 1
129 85 1
129 87 1
129 88 1
129 96 1
129 97 1
129 102 1
129 103 1
129 109 1
129 110 1
129 113 1
129 115 1
129 119 1
129 120 1
129 123 1
130 2 1
130 6 1
130 7 1
130 9 1
130 12 1
130 14 1
130 21 1
130 23 1
130 25 1
130 26 1
130 28 1
130 29 1
130 32 1
130 33 1
130 34 1
130 35 1
130 38 1
130 41 1
130 42 1
130 43 1
130 44 1
130 45 1
130 46 1
130 47 1
130 48 1
130 54 1
130 55 1
130 57 1
130 59 1
130 65 1
130 69 1
130 70 1
130 71 1
130 72 1
130 76 1
130 79 1
130 81 1
130 82 1
130 85 1
130 86 1
130 89 1
130 91 1
130 92 1
130 94 1
130 95 1
130 97 1
130 99 1
130 100 1
130 108 1
130 109 1
130 110 1
130 114 1
130 115 1
130 116 1
130 122 1
130 123 1
130 125 1
130 126 1
130 127 1
130 128 1
130 129 1
131 5 1
131 6 1
131 7 1
131 8 1
131 9 1
131 10 1
131 11 1
131 12 1
131 13 1
131 14 1
131 15 1
131 21 1
131 22 1
131 23 1
131 25 1
131 27 1
131 29 1
131 30 1
131 31 1
131 32 1
131 35 1
131 37 1
131 38 1
131 39 1
131 40 1
131 41 1
131 42 1
131 45 1
131 47 1
131 48 1
131 51 1
131 53 1
131 54 1
131 56 1
131 57 1
131 58 1
131 62 1
131 64 1
131 66 1
131 69 1
131 70 1
131 71 1
131 73 1
131 75 1
131 78 1
131 81 1
131 83 1
131 84 1
131 85 1
131 86 1
131 88 1
131 89 1
131 91 1
131 92 1
131 94 1
131 95 1
131 97 1
131 103 1
131 110 1
131 111 1
131 112 1
131 113 1
131 118 1
131 119 1
131 120 1
131 122 1
131 123 1
131 125 1
131 126 1
131 127 1
131 128 1
131 129 1
132 2 1
132 4 1
132 6 1
132 7 1
132 8 1
132 11 1
132 13 1
132 14 1
132 16 1
132 19 1
132 21 1
132 23 1
132 26 1
132 28 1
132 30 1
132 31 1
132 32 1
132 34 1
132 35 1
132 36 1
132 37 1
132 45 1
132 49 1
132 50 1
132 53 1
132 54 1
132 55 1
132 56 1
132 60 1
132 61 1
132 63 1
132 69 1
132 72 1
132 74 1
132 77 1
132 80 1
132 83 1
132 84 1
132 85 1
132 86 1
132 87 1
132 89 1
132 90 1
132 91 1
132 92 1
132 94 1
132 95 1
132 97 1
132 98 1
132 99 1
132 102 1
132 104 1
132 105 1
132 107 1
132 108 1
132 109 1
132 110 1
132 112 1
132 115 1
132 117 1
132 120 1
132 123 1
132 125 1
132 126 1
132 127 1
132 128 1
132 129 1
132 131 1
133 2 1
133 3 1
133 4 1
133 6 1
133 9 1
133 10 1
133 14 1
133 18 1
133 19 1
133 22 1
133 23 1
133 25 1
133 29 1
133 30 1
133 31 1
133 33 1
133 35 1
133 41 1
133 42 1
133 45 1
133 49 1
133 54 1
133 55 1
133 56 1
133 58 1
133 59 1
133 60 1
133 61 1
133 62 1
133 63 1
133 66 1
133 69 1
133 70 1
133 72 1
133 73 1
133 74 1
133 75 1
133 79 1
133 80 1
133 81 1
133 84 1
133 85 1
133 88 1
133 89 1
133 95 1
133 98 1
133 99 1
133 100 1
133 101 1
133 102 1
133 103 1
133 108 1
133 109 1
133 111 1
133 115 1
133 116 1
133 119 1
133 120 1
133 122 1
133 124 1
133 126 1
133 129 1
133 130 1
134 2 1
134 3 1
134 4 1
134 6 1
134 7 1
134 9 1
134 10 1
134 11 1
134 13 1
134 14 1
134 16 1
134 17 1
134 19 1
134 23 1
134 26 1
134 27 1
134 29 1
134 32 1
134 38 1
134 39 1
134 40 1
134 41 1
134 44 1
134 45 1
134 48 1
134 49 1
134 50 1
134 52 1
134 54 1
134 56 1
134 57 1
134 58 1
134 59 1
134 64 1
134 65 1
134 66 1
134 68 1
134 69 1
134 70 1
134 71 1
134 72 1
134 73 1
134 74 1
134 80 1
134 83 1
134 84 1
134 86 1
134 88 1
134 92 1
134 93 1
134 94 1
134 97 1
134 101 1
134 102 1
134 103 1
134 107 1
134 108 1
134 109 1
134 110 1
134 111 1
134 112 1
134 113 1
134 115 1
134 116 1
134 118 1
134 119 1
134 121 1
134 127 1
134 128 1
134 129 1
134 130 1
134 131 1
134 133 1
135 1 1
135 3 1
135 4 1
135 8 1
135 10 1
135 11 1
135 15 1
135 17 1
135 18 1
135 22 1
135 23 1
135 27 1
135 28 1
135 31 1
135 39 1
135 43 1
135 44 1
135 45 1
135 48 1
135 52 1
135 55 1
135 56 1
135 59 1
135 63 1
135 64 1
135 67 1
135 70 1
135 71 1
135 72 1
135 83 1
135 88 1
135 90 1
135 91 1
135 92 1
135 93 1
135 94 1
135 97 1
135 98 1
135 100 1
135 105 1
135 107 1
135 108 1
135 109 1
135 110 1
135 115 1
135 119 1
135 120 1
135 121 1
135 122 1
135 125 1
135 126 1
135 128 1
135 129 1
135 130 1
135 131 1
135 133 1
136 3 1
136 6 1
136 7 1
136 9 1
136 10 1
136 14 1
136 15 1
136 17 1
136 18 1
136 19 1
136 24 1
136 29 1
136 30 1
136 33 1
136 34 1
136 35 1
136 37 1
136 40 1
136 42 1
136 44 1
136 46 1
136 47 1
136 50 1
136 52 1
136 53 1
136 54 1
136 57 1
136 60 1
136 63 1
136 68 1
136 69 1
136 70 1
136 71 1
136 74 1
136 75 1
136 80 1
136 81 1
136 84 1
136 85 1
136 87 1
136 88 1
136 89 1
136 92 1
136 93 1
136 94 1
136 95 1
136 96 1
136 99 1
136 100 1
136 101 1
136 102 1
136 104 1
136 105 1
136 106 1
136 108 1
136 113 1
136 115 1
136 116 1
136 117 1
136 118 1
136 124 1
136 127 1
136 130 1
136 132 1
136 135 1
137 3 1
137 5 1
137 6 1
137 7 1
137 8 1
137 9 1
137 10 1
137 11 1
137 13 1
137 17 1
137 18 1
137 22 1
137 23 1
137 25 1
137 26 1
137 27 1
137 28 1
137 31 1
137 32 1
137 33 1
137 35 1
137 41 1
137 42 1
137 44 1
137 46 1
137 47 1
137 50 1
137 51 1
137 53 1
137 58 1
137 63 1
137 64 1
137 65 1
137 66 1
137 68 1
137 69 1
137 70 1
137 71 1
137 72 1
137 74 1
137 76 1
137 79 1
137 80 1
137 81 1
137 83 1
137 84 1
137 85 1
137 87 1
137 95 1
137 97 1
137 98 1
137 99 1
137 100 1
137 102 1
137 110 1
137 111 1
137 114 1
137 115 1
137 118 1
137 120 1
137 122 1
137 124 1
137 125 1
137 127 1
137 128 1
137 130 1
137 135 1
137 136 1
138 5 1
138 6 1
138 7 1
138 9 1
138 11 1
138 15 1
138 17 1
138 18 1
138 19 1
138 21 1
138 22 1
138 23 1
138 24 1
138 28 1
138 29 1
138 30 1
138 31 1
138 32 1
138 36 1
138 37 1
138 43 1
138 45 1
138 51 1
138 52 1
138 53 1
138 55 1
138 56 1
138 57 1
138 59 1
138 61 1
138 62 1
138 65 1
138 68 1
138 73 1
138 74 1
138 75 1
138 78 1
138 79 1
138 80 1
138 83 1
138 84 1
138 85 1
138 87 1
138 88 1
138 91 1
138 94 1
138 96 1
138 98 1
138 99 1
138 100 1
138 102 1
138 104 1
138 106 1
138 108 1
138 109 1
138 110 1
138 112 1
138 114 1
138 115 1
138 116 1
138 117 1
138 121 1
138 124 1
138 126 1
138 127 1
138 131 1
138 133 1
138 135 1
138 136 1
138 137 1
139 3 1
139 6 1
139 7 1
139 8 1
139 10 1
139 12 1
139 14 1
139 18 1
139 20 1
139 23 1
139 28 1
139 29 1
139 31 1
139 32 1
139 33 1
139 37 1
139 38 1
139 39 1
139 41 1
139 43 1
139 47 1
139 48 1
139 49 1
139 50 1
139 55 1
139 56 1
139 57 1
139 61 1
139 62 1
139 65 1
139 67 1
139 68 1
139 71 1
139 73 1
139 74 1
139 76 1
139 78 1
139 81 1
139 82 1
139 85 1
139 86 1
139 87 1
139 89 1
139 90 1
139 91 1
139 94 1
139 95 1
139 97 1
139 99 1
139 101 1
139 102 1
139 105 1
139 106 1
139 108 1
139 109 1
139 111 1
139 112 1
139 113 1
139 115 1
139 116 1
139 117 1
139 118 1
139 122 1
139 123 1
139 124 1
139 130 1
139 133 1
139 134 1
139 135 1
139 136 1
139 137 1
139 138 1
140 1 1
140 3 1
140 4 1
140 8 1
140 9 1
140 17 1
140 18 1
140 19 1
140 20 1
140 25 1
140 26 1
140 27 1
140 29 1
140 30 1
140 32 1
140 33 1
140 39 1
140 44 1
140 46 1
140 47 1
140 51 1
140 52 1
140 53 1
140 54 1
140 55 1
140 56 1
140 57 1
140 58 1
140 59 1
140 62 1
140 63 1
140 65 1
140 69 1
140 75 1
140 76 1
140 79 1
140 87 1
140 88 1
140 89 1
140 93 1
140 96 1
140 98 1
140 99 1
140 101 1
140 106 1
140 107 1
140 108 1
140 112 1
140 113 1
140 115 1
140 121 1
140 122 1
140 125 1
140 126 1
140 130 1
140 133 1
140 135 1
140 138 1
141 1 1
141 3 1
141 4 1
141 5 1
141 8 1
141 9 1
141 10 1
141 11 1
141 13 1
141 14 1
141 16 1
141 17 1
141 18 1
141 21 1
141 22 1
141 29 1
141 30 1
141 31 1
141 32 1
141 34 1
141 35 1
141 36 1
141 37 1
141 40 1
141 41 1
141 43 1
141 49 1
141 51 1
141 52 1
141 54 1
141 55 1
141 59 1
141 62 1
141 67 1
141 70 1
141 71 1
141 72 1
141 74 1
141 76 1
141 77 1
141 80 1
141 81 1
141 82 1
141 84 1
141 85 1
141 89 1
141 90 1
141 92 1
141 94 1
141 97 1
141 100 1
141 103 1
141 104 1
141 105 1
141 106 1
141 108 1
141 111 1
141 112 1
141 115 1
141 116 1
141 117 1
141 118 1
141 119 1
141 120 1
141 124 1
141 125 1
141 126 1
141 127 1
141 128 1
141 129 1
141 132 1
141 134 1
141 135 1
141 137 1
141 138 1
141 140 1
142 1 1
142 3 1
142 5 1
142 10 1
142 11 1
142 12 1
142 14 1
142 16 1
142 19 1
142 20 1
142 21 1
142 23 1
142 25 1
142 26 1
142 27 1
142 28 1
142 29 1
142 32 1
142 33 1
142 39 1
142 40 1
142 41 1
142 44 1
142 45 1
142 47 1
142 49 1
142 51 1
142 52 1
142 53 1
142 55 1
142 58 1
142 59 1
142 63 1
142 64 1
142 70 1
142 73 1
142 76 1
142 77 1
142 78 1
142 79 1
142 83 1
142 84 1
142 85 1
142 90 1
142 92 1
142 99 1
142 101 1
142 102 1
142 103 1
142 104 1
142 106 1
142 107 1
142 108 1
142 111 1
142 112 1
142 113 1
142 114 1
142 115 1
142 116 1
142 118 1
142 119 1
142 121 1
142 124 1
142 127 1
142 129 1
142 131 1
142 132 1
142 137 1
142 141 1
143 1 1
143 2 1
143 3 1
143 4 1
143 5 1
143 6 1
143 9 1
143 11 1
143 13 1
143 14 1
143 15 1
143 16 1
143 21 1
143 22 1
143 24 1
143 25 1
143 26 1
143 29 1
143 31 1
143 35 1
143 36 1
143 37 1
143 40 1
143 42 1
143 44 1
143 45 1
143 46 1
143 47 1
143 48 1
143 50 1
143 53 1
143 58 1
143 59 1
143 60 1
143 64 1
143 65 1
143 67 1
143 68 1
143 70 1
143 71 1
143 73 1
143 74 1
143 76 1
143 77 1
143 78 1
143 82 1
143 85 1
143 89 1
143 90 1
143 96 1
143 97 1
143 98 1
143 99 1
143 100 1
143 105 1
143 107 1
143 108 1
143 111 1
143 112 1
143 113 1
143 115 1
143 116 1
143 120 1
143 123 1
143 125 1
143 126 1
143 130 1
143 132 1
143 133 1
143 135 1
143 136 1
143 137 1
143 138 1
143 141 1
144 1 1
144 4 1
144 5 1
144 9 1
144 10 1
144 11 1
144 13 1
144 18 1
144 20 1
144 23 1
144 24 1
144 27 1
144 29 1
144 34 1
144 35 1
144 37 1
144 41 1
144 42 1
144 43 1
144 44 1
144 46 1
144 47 1
144 48 1
144 49 1
144 50 1
144 51 1
144 52 1
144 54 1
144 57 1
144 59 1
144 60 1
144 63 1
144 64 1
144 65 1
144 66 1
144 67 1
144 71 1
144 72 1
144 75 1
144 80 1
144 83 1
144 85 1
144 88 1
144 92 1
144 95 1
144 96 1
144 97 1
144 98 1
144 100 1
144 101 1
144 102 1
144 103 1
144 104 1
144 105 1
144 107 1
144 109 1
144 112 1
144 113 1
144 114 1
144 115 1
144 120 1
144 121 1
144 124 1
144 126 1
144 129 1
144 139 1
144 143 1
145 5 1
145 6 1
145 7 1
145 8 1
145 9 1
145 12 1
145 13 1
145 16 1
145 17 1
145 20 1
145 24 1
145 25 1
145 26 1
145 27 1
145 31 1
145 33 1
145 35 1
145 39 1
145 40 1
145 45 1
145 46 1
145 48 1
145 49 1
145 51 1
145 52 1
145 55 1
145 57 1
145 58 1
145 60 1
145 65 1
145 67 1
145 68 1
145 70 1
145 71 1
145 73 1
145 74 1
145 75 1
145 77 1
145 79 1
145 82 1
145 83 1
145 85 1
145 87 1
145 89 1
145 93 1
145 97 1
145 101 1
145 102 1
145 103 1
145 105 1
145 107 1
145 112 1
145 113 1
145 118 1
145 120 1
145 121 1
145 122 1
145 123 1
145 125 1
145 126 1
145 130 1
145 132 1
145 133 1
145 135 1
145 138 1
145 139 1
146 1 1
146 2 1
146 5 1
146 6 1
146 9 1
146 10 1
146 11 1
146 12 1
146 13 1
146 14 1
146 17 1
146 26 1
146 27 1
146 28 1
146 32 1
146 34 1
146 36 1
146 38 1
146 39 1
146 40 1
146 43 1
146 44 1
146 50 1
146 52 1
146 53 1
146 54 1
146 58 1
146 59 1
146 60 1
146 61 1
146 67 1
146 69 1
146 73 1
146 80 1
146 81 1
146 82 1
146 84 1
146 86 1
146 88 1
146 93 1
146 94 1
146 96 1
146 99 1
146 101 1
146 104 1
146 106 1
146 107 1
146 109 1
146 110 1
146 112 1
146 113 1
146 115 1
146 117 1
146 118 1
146 119 1
146 121 1
146 127 1
146 130 1
146 131 1
146 133 1
146 135 1
146 137 1
146 139 1
146 142 1
146 144 1
146 145 1
147 2 1
147 3 1
147 5 1
147 6 1
147 7 1
147 16 1
147 20 1
147 21 1
147 23 1
147 25 1
147 33 1
147 35 1
147 36 1
147 37 1
147 41 1
147 44 1
147 45 1
147 46 1
147 47 1
147 49 1
147 51 1
147 52 1
147 55 1
147 57 1
147 58 1
147 61 1
147 62 1
147 64 1
147 65 1
147 66 1
147 68 1
147 70 1
147 71 1
147 72 1
147 73 1
147 75 1
147 77 1
147 78 1
147 80 1
147 81 1
147 85 1
147 89 1
147 90 1
147 91 1
147 92 1
147 93 1
147 94 1
147 96 1
147 97 1
147 98 1
147 100 1
147 101 1
147 102 1
147 103 1
147 105 1
147 107 1
147 108 1
147 109 1
147 110 1
147 112 1
147 115 1
147 116 1
147 117 1
147 119 1
147 121 1
147 122 1
147 123 1
147 124 1
147 129 1
147 132 1
147 134 1
147 136 1
147 138 1
147 139 1
147 141 1
147 142 1
147 143 1
147 144 1
147 145 1
148 4 1
148 5 1
148 6 1
148 7 1
148 8 1
148 9 1
148 10 1
148 11 1
148 13 1
148 17 1
148 18 1
148 19 1
148 22 1
148 23 1
148 27 1
148 28 1
148 33 1
148 40 1
148 41 1
148 47 1
148 48 1
148 50 1
148 53 1
148 54 1
148 55 1
148 57 1
148 59 1
148 61 1
148 62 1
148 63 1
148 65 1
148 66 1
148 67 1
148 68 1
148 69 1
148 71 1
148 72 1
148 73 1
148 79 1
148 81 1
148 83 1
148 84 1
148 85 1
148 86 1
148 87 1
148 88 1
148 91 1
148 92 1
148 93 1
148 94 1
148 96 1
148 99 1
148 102 1
148 103 1
148 106 1
148 108 1
148 109 1
148 112 1
148 114 1
148 117 1
148 121 1
148 125 1
148 127 1
148 128 1
148 129 1
148 131 1
148 133 1
148 134 1
148 136 1
148 137 1
148 138 1
148 140 1
148 141 1
148 142 1
148 146 1
149 1 1
149 2 1
149 5 1
149 11 1
149 14 1
149 17 1
149 18 1
149 19 1
149 20 1
149 21 1
149 23 1
149 25 1
149 27 1
149 29 1
149 34 1
149 37 1
149 38 1
149 39 1
149 41 1
149 42 1
149 43 1
149 45 1
149 46 1
149 47 1
149 48 1
149 49 1
149 52 1
149 53 1
149 55 1
149 61 1
149 63 1
149 64 1
149 65 1
149 70 1
149 74 1
149 75 1
149 77 1
149 79 1
149 81 1
149 82 1
149 83 1
149 88 1
149 90 1
149 91 1
149 94 1
149 95 1
149 96 1
149 97 1
149 100 1
149 101 1
149 103 1
149 104 1
149 105 1
149 107 1
149 109 1
149 110 1
149 111 1
149 112 1
149 115 1
149 119 1
149 120 1
149 121 1
149 123 1
149 124 1
149 128 1
149 131 1
149 134 1
149 135 1
149 136 1
149 138 1
149 139 1
149 140 1
149 141 1
149 144 1
149 145 1
149 146 1
149 147 1
150 2 1
150 4 1
150 5 1
150 8 1
150 11 1
150 13 1
150 15 1
150 17 1
150 18 1
150 21 1
150 25 1
150 29 1
150 30 1
150 32 1
150 33 1
150 35 1
150 36 1
150 37 1
150 40 1
150 43 1
150 46 1
150 49 1
150 50 1
150 51 1
150 53 1
150 55 1
150 57 1
150 59 1
150 61 1
150 62 1
150 63 1
150 64 1
150 67 1
150 68 1
150 69 1
150 70 1
150 72 1
150 75 1
150 79 1
150 80 1
150 82 1
150 84 1
150 85 1
150 86 1
150 87 1
150 89 1
150 90 1
150 92 1
150 95 1
150 96 1
150 97 1
150 102 1
150 103 1
150 106 1
150 107 1
150 111 1
150 113 1
150 116 1
150 117 1
150 118 1
150 124 1
150 125 1
150 130 1
150 135 1
150 137 1
150 143 1
150 145 1
150 146 1
150 148 1
151 1 1
151 3 1
151 7 1
151 9 1
151 10 1
151 12 1
151 14 1
151 16 1
151 18 1
151 21 1
151 22 1
151 23 1
151 24 1
151 25 1
151 27 1
151 28 1
151 32 1
151 33 1
151 36 1
151 37 1
151 38 1
151 42 1
151 44 1
151 51 1
151 52 1
151 53 1
151 54 1
151 55 1
151 56 1
151 57 1
151 61 1
151 62 1
151 63 1
151 65 1
151 67 1
151 68 1
151 69 1
151 70 1
151 71 1
151 72 1
151 73 1
151 77 1
151 78 1
151 79 1
151 80 1
151 81 1
151 82 1
151 84 1
151 87 1
151 92 1
151 93 1
151 95 1
151 96 1
151 98 1
151 100 1
151 103 1
151 104 1
151 107 1
151 108 1
151 109 1
151 110 1
151 112 1
151 114 1
151 116 1
151 119 1
151 121 1
151 122 1
151 125 1
151 126 1
151 128 1
151 129 1
151 131 1
151 132 1
151 133 1
151 135 1
151 136 1
151 138 1
151 139 1
151 143 1
151 144 1
151 145 1
151 146 1
151 150 1
152 3 1
152 4 1
152 5 1
152 8 1
152 9 1
152 10 1
152 12 1
152 14 1
152 16 1
152 17 1
152 19 1
152 20 1
152 22 1
152 24 1
152 26 1
152 31 1
152 34 1
152 36 1
152 37 1
152 38 1
152 39 1
152 43 1
152 44 1
152 45 1
152 51 1
152 52 1
152 53 1
152 55 1
152 58 1
152 59 1
152 60 1
152 61 1
152 65 1
152 68 1
152 69 1
152 70 1
152 71 1
152 73 1
152 74 1
152 81 1
152 84 1
152 85 1
152 87 1
152 88 1
152 93 1
152 94 1
152 97 1
152 98 1
152 99 1
152 100 1
152 102 1
152 105 1
152 108 1
152 109 1
152 110 1
152 116 1
152 117 1
152 118 1
152 119 1
152 120 1
152 125 1
152 127 1
152 128 1
152 129 1
152 130 1
152 133 1
152 134 1
152 135 1
152 136 1
152 138 1
152 140 1
152 144 1
152 145 1
152 147 1
153 4 1
153 6 1
153 7 1
153 8 1
153 10 1
153 14 1
153 16 1
153 18 1
153 21 1
153 25 1
153 26 1
153 27 1
153 28 1
153 32 1
153 34 1
153 40 1
153 41 1
153 43 1
153 45 1
153 47 1
153 48 1
153 49 1
153 52 1
153 53 1
153 54 1
153 56 1
153 58 1
153 61 1
153 62 1
153 63 1
153 67 1
153 68 1
153 70 1
153 73 1
153 87 1
153 89 1
153 90 1
153 91 1
153 93 1
153 97 1
153 99 1
153 100 1
153 101 1
153 106 1
153 107 1
153 109 1
153 113 1
153 114 1
153 115 1
153 116 1
153 117 1
153 120 1
153 122 1
153 123 1
153 128 1
153 131 1
153 132 1
153 134 1
153 135 1
153 136 1
153 137 1
153 139 1
153 140 1
153 141 1
153 143 1
153 146 1
153 151 1
154 1 1
154 2 1
154 8 1
154 11 1
154 15 1
154 16 1
154 18 1
154 19 1
154 21 1
154 22 1
154 23 1
154 24 1
154 25 1
154 26 1
154 30 1
154 32 1
154 33 1
154 35 1
154 36 1
154 37 1
154 39 1
154 40 1
154 42 1
154 44 1
154 46 1
154 47 1
154 49 1
154 51 1
154 55 1
154 56 1
154 58 1
154 61 1
154 63 1
154 65 1
154 66 1
154 68 1
154 69 1
154 70 1
154 71 1
154 73 1
154 74 1
154 76 1
154 77 1
154 78 1
154 80 1
154 82 1
154 83 1
154 86 1
154 89 1
154 93 1
154 95 1
154 96 1
154 102 1
154 106 1
154 109 1
154 112 1
154 114 1
154 115 1
154 117 1
154 120 1
154 122 1
154 123 1
154 126 1
154 127 1
154 129 1
154 130 1
154 133 1
154 134 1
154 138 1
154 139 1
154 141 1
154 142 1
154 143 1
154 144 1
154 146 1
154 149 1
154 150 1
154 151 1
154 152 1
155 3 1
155 4 1
155 8 1
155 10 1
155 11 1
155 13 1
155 15 1
155 16 1
155 17 1
155 19 1
155 20 1
155 23 1
155 24 1
155 25 1
155 27 1
155 30 1
155 31 1
155 33 1
155 35 1
155 37 1
155 38 1
155 39 1
155 41 1
155 42 1
155 45 1
155 49 1
155 54 1
155 56 1
155 58 1
155 61 1
155 62 1
155 65 1
155 68 1
155 69 1
155 71 1
155 72 1
155 73 1
155 76 1
155 78 1
155 80 1
155 81 1
155 83 1
155 84 1
155 92 1
155 93 1
155 94 1
155 96 1
155 97 1
155 100 1
155 101 1
155 104 1
155 105 1
155 106 1
155 108 1
155 112 1
155 113 1
155 116 1
155 118 1
155 119 1
155 124 1
155 129 1
155 130 1
155 131 1
155 136 1
155 138 1
155 141 1
155 143 1
155 144 1
155 145 1
155 147 1
155 148 1
155 149 1
155 150 1
155 152 1
155 153 1
156 2 1
156 5 1
156 6 1
156 7 1
156 9 1
156 10 1
156 13 1
156 15 1
156 16 1
156 17 1
156 18 1
156 19 1
156 21 1
156 22 1
156 25 1
156 28 1
156 30 1
156 31 1
156 33 1
156 34 1
156 35 1
156 38 1
156 39 1
156 44 1
156 47 1
156 48 1
156 49 1
156 50 1
156 51 1
156 60 1
156 62 1
156 64 1
156 65 1
156 67 1
156 68 1
156 69 1
156 71 1
156 72 1
156 73 1
156 75 1
156 76 1
156 77 1
156 78 1
156 79 1
156 81 1
156 82 1
156 83 1
156 84 1
156 85 1
156 88 1
156 90 1
156 94 1
156 95 1
156 96 1
156 97 1
156 98 1
156 99 1
156 102 1
156 107 1
156 108 1
156 109 1
156 110 1
156 111 1
156 114 1
156 116 1
156 117 1
156 118 1
156 121 1
156 122 1
156 124 1
156 127 1
156 129 1
156 134 1
156 137 1
156 138 1
156 142 1
156 143 1
156 145 1
156 147 1
156 155 1
157 6 1
157 7 1
157 9 1
157 10 1
157 12 1
157 13 1
157 18 1
157 20 1
157 21 1
157 22 1
157 25 1
157 30 1
157 31 1
157 34 1
157 37 1
157 38 1
157 39 1
157 41 1
157 42 1
157 43 1
157 44 1
157 48 1
157 49 1
157 52 1
157 53 1
157 54 1
157 57 1
157 58 1
157 59 1
157 60 1
157 61 1
157 63 1
157 64 1
157 68 1
157 70 1
157 71 1
157 72 1
157 73 1
157 74 1
157 76 1
157 77 1
157 79 1
157 80 1
157 82 1
157 84 1
157 88 1
157 90 1
157 91 1
157 93 1
157 94 1
157 95 1
157 96 1
157 97 1
157 100 1
157 101 1
157 105 1
157 106 1
157 108 1
157 110 1
157 113 1
157 114 1
157 116 1
157 119 1
157 120 1
157 123 1
157 126 1
157 127 1
157 128 1
157 129 1
157 131 1
157 132 1
157 133 1
157 137 1
157 139 1
157 140 1
157 144 1
157 145 1
157 146 1
157 147 1
157 148 1
157 151 1
157 153 1
157 154 1
157 156 1
158 4 1
158 5 1
158 9 1
158 10 1
158 11 1
158 13 1
158 14 1
158 15 1
158 16 1
158 19 1
158 20 1
158 21 1
158 22 1
158 24 1
158 27 1
158 28 1
158 30 1
158 32 1
158 35 1
158 37 1
158 45 1
158 46 1
158 48 1
158 50 1
158 52 1
158 53 1
158 55 1
158 57 1
158 60 1
158 62 1
158 64 1
158 65 1
158 69 1
158 70 1
158 72 1
158 73 1
158 74 1
158 75 1
158 76 1
158 79 1
158 80 1
158 81 1
158 82 1
158 86 1
158 87 1
158 88 1
158 89 1
158 90 1
158 94 1
158 97 1
158 98 1
158 99 1
158 100 1
158 102 1
158 104 1
158 105 1
158 106 1
158 107 1
158 108 1
158 109 1
158 111 1
158 113 1
158 115 1
158 116 1
158 117 1
158 118 1
158 120 1
158 121 1
158 123 1
158 124 1
158 126 1
158 127 1
158 132 1
158 134 1
158 135 1
158 136 1
158 137 1
158 142 1
158 143 1
158 145 1
158 148 1
158 149 1
158 154 1
158 155 1
158 156 1
159 1 1
159 4 1
159 7 1
159 8 1
159 9 1
159 10 1
159 13 1
159 14 1
159 15 1
159 16 1
159 18 1
159 19 1
159 26 1
159 29 1
159 34 1
159 35 1
159 36 1
159 38 1
159 39 1
159 40 1
159 41 1
159 42 1
159 45 1
159 46 1
159 47 1
159 51 1
159 53 1
159 54 1
159 57 1
159 61 1
159 63 1
159 65 1
159 66 1
159 70 1
159 71 1
159 72 1
159 74 1
159 75 1
159 77 1
159 78 1
159 79 1
159 80 1
159 82 1
159 84 1
159 85 1
159 86 1
159 87 1
159 90 1
159 91 1
159 92 1
159 95 1
159 97 1
159 101 1
159 103 1
159 105 1
159 106 1
159 108 1
159 110 1
159 111 1
159 112 1
159 113 1
159 114 1
159 119 1
159 120 1
159 130 1
159 132 1
159 133 1
159 135 1
159 136 1
159 138 1
159 139 1
159 140 1
159 141 1
159 146 1
159 149 1
159 150 1
159 151 1
159 152 1
159 154 1
159 156 1
159 157 1
159 158 1
160 1 1
160 3 1
160 4 1
160 6 1
160 7 1
160 8 1
160 9 1
160 10 1
160 12 1
160 15 1
160 16 1
160 18 1
160 19 1
160 20 1
160 22 1
160 28 1
160 29 1
160 32 1
160 33 1
160 36 1
160 37 1
160 38 1
160 39 1
160 40 1
160 41 1
160 42 1
160 43 1
160 44 1
160 46 1
160 47 1
160 48 1
160 50 1
160 53 1
160 57 1
160 59 1
160 60 1
160 61 1
160 62 1
160 66 1
160 69 1
160 74 1
160 79 1
160 83 1
160 84 1
160 87 1
160 89 1
160 91 1
160 95 1
160 96 1
160 97 1
160 98 1
160 101 1
160 103 1
160 105 1
160 111 1
160 112 1
160 114 1
160 116 1
160 120 1
160 121 1
160 123 1
160 124 1
160 133 1
160 136 1
160 140 1
160 141 1
160 145 1
160 146 1
160 147 1
160 151 1
160 157 1
160 159 1
161 1 1
161 2 1
161 3 1
161 5 1
161 6 1
161 8 1
161 10 1
161 11 1
161 12 1
161 13 1
161 15 1
161 18 1
161 19 1
161 22 1
161 24 1
161 25 1
161 26 1
161 33 1
161 34 1
161 35 1
161 36 1
161 37 1
161 38 1
161 41 1
161 43 1
161 45 1
161 46 1
161 51 1
161 52 1
161 53 1
161 55 1
161 58 1
161 59 1
161 61 1
161 63 1
161 64 1
161 68 1
161 70 1
161 71 1
161 72 1
161 74 1
161 75 1
161 76 1
161 79 1
161 80 1
161 84 1
161 86 1
161 88 1
161 89 1
161 90 1
161 91 1
161 94 1
161 97 1
161 98 1
161 102 1
161 103 1
161 106 1
161 108 1
161 109 1
161 110 1
161 111 1
161 112 1
161 115 1
161 116 1
161 117 1
161 118 1
161 121 1
161 122 1
161 123 1
161 124 1
161 125 1
161 126 1
161 127 1
161 129 1
161 130 1
161 132 1
161 133 1
161 136 1
161 137 1
161 138 1
161 140 1
161 143 1
161 147 1
161 149 1
161 150 1
161 152 1
161 153 1
161 158 1
161 159 1
161 160 1
162 1 1
162 2 1
162 6 1
162 9 1
162 11 1
162 13 1
162 14 1
162 17 1
162 24 1
162 27 1
162 29 1
162 30 1
162 32 1
162 33 1
162 34 1
162 35 1
162 36 1
162 38 1
162 40 1
162 41 1
162 42 1
162 43 1
162 44 1
162 46 1
162 48 1
162 53 1
162 54 1
162 56 1
162 57 1
162 58 1
162 63 1
162 66 1
162 73 1
162 74 1
162 75 1
162 77 1
162 82 1
162 83 1
162 86 1
162 87 1
162 92 1
162 93 1
162 96 1
162 97 1
162 103 1
162 105 1
162 106 1
162 107 1
162 108 1
162 109 1
162 110 1
162 111 1
162 113 1
162 120 1
162 121 1
162 122 1
162 123 1
162 124 1
162 125 1
162 126 1
162 127 1
162 128 1
162 129 1
162 130 1
162 133 1
162 134 1
162 136 1
162 139 1
162 142 1
162 144 1
162 147 1
162 152 1
162 153 1
162 154 1
162 155 1
162 157 1
162 160 1
163 1 1
163 3 1
163 5 1
163 7 1
163 8 1
163 9 1
163 11 1
163 12 1
163 13 1
163 14 1
163 16 1
163 17 1
163 18 1
163 22 1
163 23 1
163 25 1
163 30 1
163 33 1
163 34 1
163 36 1
163 38 1
163 39 1
163 40 1
163 41 1
163 42 1
163 44 1
163 46 1
163 48 1
163 49 1
163 51 1
163 53 1
163 56 1
163 57 1
163 60 1
163 63 1
163 64 1
163 67 1
163 69 1
163 72 1
163 76 1
163 78 1
163 79 1
163 80 1
163 81 1
163 83 1
163 84 1
163 85 1
163 87 1
163 88 1
163 89 1
163 90 1
163 91 1
163 92 1
163 94 1
163 95 1
163 97 1
163 99 1
163 100 1
163 101 1
163 102 1
163 106 1
163 107 1
163 110 1
163 116 1
163 118 1
163 119 1
163 120 1
163 121 1
163 123 1
163 125 1
163 127 1
163 128 1
163 129 1
163 134 1
163 135 1
163 138 1
163 139 1
163 142 1
163 145 1
163 150 1
163 154 1
163 157 1
163 159 1
164 3 1
164 4 1
164 7 1
164 9 1
164 11 1
164 12 1
164 13 1
164 14 1
164 15 1
164 17 1
164 20 1
164 21 1
164 23 1
164 25 1
164 26 1
164 27 1
164 28 1
164 31 1
164 32 1
164 33 1
164 36 1
164 37 1
164 42 1
164 43 1
164 44 1
164 45 1
164 46 1
164 49 1
164 51 1
164 52 1
164 53 1
164 54 1
164 55 1
164 57 1
164 59 1
164 63 1
164 64 1
164 65 1
164 71 1
164 73 1
164 79 1
164 81 1
164 83 1
164 86 1
164 88 1
164 89 1
164 92 1
164 93 1
164 94 1
164 98 1
164 99 1
164 101 1
164 103 1
164 105 1
164 106 1
164 110 1
164 116 1
164 117 1
164 118 1
164 119 1
164 120 1
164 122 1
164 123 1
164 127 1
164 128 1
164 130 1
164 131 1
164 132 1
164 135 1
164 138 1
164 140 1
164 141 1
164 142 1
164 143 1
164 145 1
164 147 1
164 148 1
164 151 1
164 153 1
164 154 1
164 155 1
164 159 1
164 162 1
164 163 1
165 4 1
165 7 1
165 8 1
165 9 1
165 11 1
165 14 1
165 17 1
165 20 1
165 21 1
165 24 1
165 26 1
165 27 1
165 31 1
165 33 1
165 34 1
165 36 1
165 38 1
165 39 1
165 44 1
165 47 1
165 48 1
165 49 1
165 50 1
165 51 1
165 52 1
165 54 1
165 57 1
165 58 1
165 59 1
165 60 1
165 64 1
165 67 1
165 70 1
165 72 1
165 74 1
165 76 1
165 79 1
165 80 1
165 81 1
165 84 1
165 86 1
165 87 1
165 88 1
165 91 1
165 93 1
165 96 1
165 98 1
165 100 1
165 101 1
165 102 1
165 103 1
165 107 1
165 108 1
165 112 1
165 113 1
165 114 1
165 115 1
165 118 1
165 119 1
165 122 1
165 123 1
165 124 1
165 125 1
165 126 1
165 129 1
165 134 1
165 137 1
165 138 1
165 139 1
165 143 1
165 146 1
165 148 1
165 149 1
165 153 1
165 155 1
165 156 1
165 158 1
165 159 1
165 160 1
165 161 1
165 164 1
166 2 1
166 3 1
166 4 1
166 5 1
166 7 1
166 8 1
166 10 1
166 12 1
166 13 1
166 15 1
166 18 1
166 19 1
166 20 1
166 21 1
166 22 1
166 23 1
166 24 1
166 25 1
166 26 1
166 27 1
166 28 1
166 30 1
166 32 1
166 34 1
166 35 1
166 39 1
166 41 1
166 42 1
166 44 1
166 45 1
166 46 1
166 47 1
166 50 1
166 51 1
166 53 1
166 55 1
166 58 1
166 59 1
166 62 1
166 64 1
166 65 1
166 66 1
166 67 1
166 68 1
166 74 1
166 75 1
166 76 1
166 78 1
166 79 1
166 80 1
166 83 1
166 84 1
166 85 1
166 88 1
166 89 1
166 90 1
166 92 1
166 93 1
166 94 1
166 95 1
166 96 1
166 99 1
166 100 1
166 101 1
166 102 1
166 103 1
166 104 1
166 105 1
166 106 1
166 108 1
166 111 1
166 112 1
166 115 1
166 117 1
166 118 1
166 122 1
166 126 1
166 127 1
166 128 1
166 129 1
166 136 1
166 137 1
166 139 1
166 140 1
166 144 1
166 145 1
166 150 1
166 156 1
166 157 1
166 158 1
166 160 1
166 162 1
166 164 1
166 165 1
167 1 1
167 2 1
167 5 1
167 8 1
167 9 1
167 10 1
167 11 1
167 13 1
167 14 1
167 17 1
167 18 1
167 23 1
167 26 1
167 29 1
167 32 1
167 33 1
167 35 1
167 36 1
167 37 1
167 39 1
167 40 1
167 41 1
167 43 1
167 46 1
167 47 1
167 52 1
167 55 1
167 56 1
167 57 1
167 58 1
167 59 1
167 60 1
167 61 1
167 64 1
167 67 1
167 68 1
167 70 1
167 75 1
167 76 1
167 78 1
167 79 1
167 80 1
167 81 1
167 87 1
167 90 1
167 91 1
167 93 1
167 95 1
167 96 1
167 98 1
167 99 1
167 100 1
167 101 1
167 102 1
167 105 1
167 106 1
167 109 1
167 110 1
167 111 1
167 113 1
167 116 1
167 117 1
167 122 1
167 125 1
167 129 1
167 130 1
167 132 1
167 133 1
167 140 1
167 144 1
167 145 1
167 146 1
167 147 1
167 149 1
167 150 1
167 152 1
167 153 1
167 154 1
167 156 1
167 157 1
167 159 1
167 160 1
167 162 1
167 163 1
167 166 1
168 2 1
168 5 1
168 6 1
168 8 1
168 10 1
168 12 1
168 13 1
168 14 1
168 17 1
168 19 1
168 20 1
168 21 1
168 22 1
168 23 1
168 25 1
168 30 1
168 32 1
168 33 1
168 35 1
168 38 1
168 39 1
168 43 1
168 48 1
168 50 1
168 51 1
168 53 1
168 55 1
168 59 1
168 60 1
168 61 1
168 66 1
168 67 1
168 68 1
168 70 1
168 71 1
168 72 1
168 73 1
168 75 1
168 76 1
168 77 1
168 79 1
168 81 1
168 84 1
168 85 1
168 87 1
168 90 1
168 91 1
168 93 1
168 94 1
168 99 1
168 101 1
168 102 1
168 103 1
168 104 1
168 106 1
168 108 1
168 109 1
168 112 1
168 113 1
168 123 1
168 124 1
168 125 1
168 128 1
168 132 1
168 133 1
168 136 1
168 137 1
168 138 1
168 139 1
168 142 1
168 144 1
168 148 1
168 149 1
168 150 1
168 152 1
168 153 1
168 155 1
168 161 1
168 164 1
168 165 1
169 1 1
169 3 1
169 4 1
169 6 1
169 7 1
169 8 1
169 10 1
169 11 1
169 13 1
169 14 1
169 15 1
169 21 1
169 22 1
169 23 1
169 24 1
169 25 1
169 26 1
169 27 1
169 28 1
169 29 1
169 30 1
169 31 1
169 35 1
169 38 1
169 39 1
169 42 1
169 43 1
169 46 1
169 50 1
169 51 1
169 55 1
169 56 1
169 57 1
169 58 1
169 59 1
169 60 1
169 65 1
169 69 1
169 72 1
169 76 1
169 78 1
169 82 1
169 84 1
169 87 1
169 89 1
169 92 1
169 93 1
169 98 1
169 100 1
169 101 1
169 102 1
169 103 1
169 105 1
169 106 1
169 107 1
169 109 1
169 111 1
169 113 1
169 115 1
169 119 1
169 121 1
169 122 1
169 123 1
169 124 1
169 125 1
169 129 1
169 131 1
169 134 1
169 139 1
169 141 1
169 144 1
169 146 1
169 147 1
169 149 1
169 150 1
169 158 1
169 160 1
169 161 1
169 165 1
169 166 1
169 167 1
170 5 1
170 6 1
170 7 1
170 9 1
170 10 1
170 12 1
170 14 1
170 15 1
170 18 1
170 19 1
170 21 1
170 26 1
170 28 1
170 31 1
170 32 1
170 33 1
170 34 1
170 36 1
170 38 1
170 41 1
170 43 1
170 47 1
170 52 1
170 54 1
170 55 1
170 56 1
170 57 1
170 58 1
170 59 1
170 63 1
170 68 1
170 69 1
170 70 1
170 71 1
170 72 1
170 73 1
170 74 1
170 75 1
170 76 1
170 77 1
170 81 1
170 82 1
170 84 1
170 87 1
170 89 1
170 96 1
170 101 1
170 102 1
170 103 1
170 107 1
170 109 1
170 113 1
170 114 1
170 117 1
170 118 1
170 122 1
170 123 1
170 127 1
170 128 1
170 129 1
170 131 1
170 133 1
170 135 1
170 137 1
170 142 1
170 143 1
170 145 1
170 146 1
170 149 1
170 150 1
170 151 1
170 152 1
170 153 1
170 155 1
170 156 1
170 157 1
170 159 1
170 161 1
170 164 1
170 165 1
170 166 1
170 167 1
170 168 1
170 169 1
171 1 1
171 2 1
171 5 1
171 6 1
171 8 1
171 9 1
171 11 1
171 12 1
171 13 1
171 14 1
171 16 1
171 19 1
171 20 1
171 27 1
171 29 1
171 31 1
171 34 1
171 35 1
171 36 1
171 37 1
171 38 1
171 39 1
171 41 1
171 43 1
171 45 1
171 50 1
171 52 1
171 54 1
171 56 1
171 58 1
171 59 1
171 60 1
171 61 1
171 63 1
171 64 1
171 68 1
171 69 1
171 71 1
171 72 1
171 75 1
171 76 1
171 77 1
171 78 1
171 79 1
171 81 1
171 83 1
171 86 1
171 87 1
171 93 1
171 94 1
171 95 1
171 96 1
171 102 1
171 103 1
171 106 1
171 108 1
171 111 1
171 113 1
171 114 1
171 115 1
171 116 1
171 120 1
171 123 1
171 126 1
171 127 1
171 129 1
171 130 1
171 131 1
171 133 1
171 135 1
171 136 1
171 137 1
171 139 1
171 142 1
171 143 1
171 147 1
171 148 1
171 149 1
171 150 1
171 154 1
171 157 1
171 159 1
171 161 1
171 163 1
171 165 1
171 168 1
171 169 1
171 170 1
172 1 1
172 3 1
172 5 1
172 7 1
172 11 1
172 12 1
172 13 1
172 18 1
172 19 1
172 21 1
172 24 1
172 26 1
172 28 1
172 34 1
172 41 1
172 43 1
172 45 1
172 46 1
172 47 1
172 49 1
172 52 1
172 53 1
172 55 1
172 59 1
172 61 1
172 63 1
172 64 1
172 65 1
172 66 1
172 72 1
172 73 1
172 75 1
172 76 1
172 77 1
172 79 1
172 80 1
172 81 1
172 85 1
172 88 1
172 89 1
172 94 1
172 97 1
172 99 1
172 100 1
172 101 1
172 102 1
172 104 1
172 105 1
172 106 1
172 107 1
172 108 1
172 109 1
172 111 1
172 113 1
172 114 1
172 115 1
172 118 1
172 120 1
172 124 1
172 125 1
172 129 1
172 130 1
172 131 1
172 132 1
172 133 1
172 136 1
172 137 1
172 139 1
172 140 1
172 141 1
172 145 1
172 146 1
172 147 1
172 150 1
172 151 1
172 152 1
172 155 1
172 157 1
172 158 1
172 159 1
172 161 1
172 162 1
172 165 1
172 166 1
172 169 1
172 170 1
173 1 1
173 2 1
173 4 1
173 5 1
173 6 1
173 8 1
173 9 1
173 10 1
173 11 1
173 15 1
173 17 1
173 20 1
173 21 1
173 22 1
173 24 1
173 25 1
173 28 1
173 29 1
173 31 1
173 36 1
173 41 1
173 48 1
173 50 1
173 54 1
173 57 1
173 59 1
173 60 1
173 62 1
173 65 1
173 68 1
173 71 1
173 75 1
173 76 1
173 77 1
173 78 1
173 81 1
173 86 1
173 88 1
173 89 1
173 90 1
173 91 1
173 94 1
173 95 1
173 97 1
173 98 1
173 101 1
173 103 1
173 104 1
173 105 1
173 107 1
173 110 1
173 111 1
173 112 1
173 114 1
173 115 1
173 117 1
173 119 1
173 120 1
173 126 1
173 127 1
173 128 1
173 129 1
173 130 1
173 132 1
173 134 1
173 136 1
173 138 1
173 141 1
173 142 1
173 144 1
173 145 1
173 147 1
173 149 1
173 150 1
173 151 1
173 152 1
173 158 1
173 161 1
173 163 1
173 164 1
173 166 1
173 167 1
173 169 1
173 171 1
174 4 1
174 5 1
174 7 1
174 8 1
174 10 1
174 11 1
174 12 1
174 15 1
174 19 1
174 21 1
174 23 1
174 24 1
174 26 1
174 28 1
174 29 1
174 31 1
174 34 1
174 35 1
174 38 1
174 39 1
174 41 1
174 42 1
174 44 1
174 46 1
174 50 1
174 52 1
174 54 1
174 57 1
174 62 1
174 63 1
174 64 1
174 65 1
174 67 1
174 68 1
174 70 1
174 72 1
174 75 1
174 76 1
174 78 1
174 80 1
174 81 1
174 84 1
174 92 1
174 95 1
174 96 1
174 97 1
174 98 1
174 100 1
174 103 1
174 104 1
174 105 1
174 107 1
174 108 1
174 110 1
174 112 1
174 114 1
174 115 1
174 116 1
174 117 1
174 118 1
174 119 1
174 121 1
174 123 1
174 126 1
174 127 1
174 128 1
174 130 1
174 131 1
174 132 1
174 135 1
174 136 1
174 139 1
174 142 1
174 146 1
174 150 1
174 151 1
174 152 1
174 154 1
174 155 1
174 158 1
174 162 1
174 163 1
174 164 1
174 171 1
175 4 1
175 8 1
175 9 1
175 10 1
175 12 1
175 15 1
175 16 1
175 17 1
175 19 1
175 20 1
175 21 1
175 22 1
175 23 1
175 24 1
175 26 1
175 30 1
175 32 1
175 33 1
175 35 1
175 38 1
175 39 1
175 40 1
175 44 1
175 45 1
175 48 1
175 49 1
175 52 1
175 56 1
175 60 1
175 61 1
175 66 1
175 68 1
175 69 1
175 74 1
175 75 1
175 76 1
175 80 1
175 81 1
175 83 1
175 84 1
175 85 1
175 86 1
175 88 1
175 89 1
175 90 1
175 92 1
175 93 1
175 94 1
175 95 1
175 96 1
175 100 1
175 102 1
175 106 1
175 107 1
175 108 1
175 111 1
175 112 1
175 115 1
175 119 1
175 120 1
175 121 1
175 123 1
175 126 1
175 128 1
175 129 1
175 130 1
175 131 1
175 132 1
175 134 1
175 135 1
175 136 1
175 139 1
175 140 1
175 144 1
175 145 1
175 147 1
175 150 1
175 152 1
175 154 1
175 155 1
175 156 1
175 158 1
175 162 1
175 164 1
175 167 1
175 168 1
175 169 1
175 172 1
175 173 1
175 174 1
176 3 1
176 4 1
176 6 1
176 7 1
176 10 1
176 12 1
176 13 1
176 14 1
176 16 1
176 17 1
176 18 1
176 19 1
176 20 1
176 21 1
176 25 1
176 26 1
176 28 1
176 30 1
176 31 1
176 33 1
176 36 1
176 37 1
176 38 1
176 43 1
176 45 1
176 47 1
176 48 1
176 52 1
176 53 1
176 55 1
176 56 1
176 57 1
176 60 1
176 62 1
176 67 1
176 73 1
176 75 1
176 76 1
176 77 1
176 78 1
176 80 1
176 82 1
176 84 1
176 85 1
176 87 1
176 88 1
176 89 1
176 90 1
176 91 1
176 92 1
176 93 1
176 94 1
176 100 1
176 102 1
176 104 1
176 106 1
176 109 1
176 110 1
176 112 1
176 115 1
176 117 1
176 118 1
176 119 1
176 128 1
176 130 1
176 132 1
176 135 1
176 136 1
176 140 1
176 141 1
176 143 1
176 144 1
176 146 1
176 149 1
176 150 1
176 151 1
176 152 1
176 154 1
176 156 1
176 158 1
176 160 1
176 162 1
176 163 1
176 165 1
176 169 1
176 173 1
176 174 1
177 2 1
177 4 1
177 6 1
177 9 1
177 10 1
177 11 1
177 12 1
177 13 1
177 15 1
177 17 1
177 21 1
177 25 1
177 26 1
177 28 1
177 29 1
177 30 1
177 31 1
177 33 1
177 36 1
177 37 1
177 40 1
177 43 1
177 46 1
177 48 1
177 49 1
177 52 1
177 54 1
177 57 1
177 60 1
177 62 1
177 64 1
177 65 1
177 68 1
177 69 1
177 71 1
177 73 1
177 77 1
177 78 1
177 80 1
177 81 1
177 82 1
177 85 1
177 88 1
177 89 1
177 92 1
177 97 1
177 98 1
177 102 1
177 103 1
177 105 1
177 106 1
177 110 1
177 113 1
177 115 1
177 117 1
177 118 1
177 123 1
177 124 1
177 125 1
177 127 1
177 128 1
177 129 1
177 133 1
177 134 1
177 135 1
177 136 1
177 137 1
177 143 1
177 144 1
177 148 1
177 153 1
177 156 1
177 158 1
177 164 1
177 167 1
177 168 1
177 169 1
177 170 1
177 173 1
177 174 1
177 175 1
177 176 1
178 2 1
178 8 1
178 9 1
178 11 1
178 13 1
178 14 1
178 17 1
178 19 1
178 21 1
178 22 1
178 24 1
178 25 1
178 26 1
178 27 1
178 28 1
178 29 1
178 30 1
178 31 1
178 32 1
178 33 1
178 35 1
178 36 1
178 38 1
178 39 1
178 42 1
178 44 1
178 45 1
178 48 1
178 49 1
178 50 1
178 51 1
178 52 1
178 53 1
178 57 1
178 58 1
178 59 1
178 60 1
178 61 1
178 62 1
178 65 1
178 67 1
178 70 1
178 74 1
178 76 1
178 80 1
178 84 1
178 86 1
178 87 1
178 89 1
178 90 1
178 91 1
178 101 1
178 102 1
178 103 1
178 106 1
178 108 1
178 109 1
178 112 1
178 113 1
178 114 1
178 116 1
178 121 1
178 122 1
178 125 1
178 126 1
178 127 1
178 128 1
178 130 1
178 134 1
178 136 1
178 141 1
178 142 1
178 145 1
178 146 1
178 148 1
178 151 1
178 152 1
178 153 1
178 156 1
178 159 1
178 161 1
178 162 1
178 165 1
178 166 1
178 167 1
178 172 1
178 173 1
178 177 1
179 2 1
179 3 1
179 4 1
179 5 1
179 7 1
179 9 1
179 10 1
179 12 1
179 13 1
179 15 1
179 18 1
179 20 1
179 21 1
179 24 1
179 28 1
179 29 1
179 31 1
179 32 1
179 34 1
179 35 1
179 36 1
179 37 1
179 40 1
179 44 1
179 46 1
179 47 1
179 49 1
179 54 1
179 56 1
179 57 1
179 60 1
179 61 1
179 62 1
179 63 1
179 65 1
179 67 1
179 69 1
179 70 1
179 72 1
179 73 1
179 75 1
179 76 1
179 78 1
179 79 1
179 80 1
179 81 1
179 83 1
179 85 1
179 87 1
179 88 1
179 91 1
179 93 1
179 96 1
179 97 1
179 101 1
179 106 1
179 108 1
179 110 1
179 113 1
179 116 1
179 118 1
179 119 1
179 120 1
179 123 1
179 124 1
179 129 1
179 130 1
179 133 1
179 138 1
179 139 1
179 141 1
179 142 1
179 144 1
179 145 1
179 146 1
179 148 1
179 149 1
179 156 1
179 157 1
179 158 1
179 159 1
179 163 1
179 164 1
179 165 1
179 166 1
179 168 1
179 169 1
179 170 1
179 172 1
179 178 1
180 2 1
180 3 1
180 4 1
180 6 1
180 10 1
180 12 1
180 14 1
180 17 1
180 18 1
180 19 1
180 21 1
180 24 1
180 28 1
180 29 1
180 31 1
180 32 1
180 34 1
180 35 1
180 38 1
180 40 1
180 41 1
180 42 1
180 44 1
180 48 1
180 50 1
180 51 1
180 52 1
180 53 1
180 54 1
180 56 1
180 57 1
180 59 1
180 60 1
180 63 1
180 65 1
180 66 1
180 67 1
180 69 1
180 70 1
180 71 1
180 73 1
180 74 1
180 76 1
180 79 1
180 80 1
180 88 1
180 90 1
180 91 1
180 93 1
180 95 1
180 96 1
180 98 1
180 99 1
180 100 1
180 105 1
180 108 1
180 109 1
180 110 1
180 113 1
180 114 1
180 117 1
180 118 1
180 119 1
180 121 1
180 122 1
180 130 1
180 141 1
180 144 1
180 146 1
180 147 1
180 148 1
180 150 1
180 151 1
180 153 1
180 154 1
180 155 1
180 156 1
180 158 1
180 161 1
180 163 1
180 164 1
180 166 1
180 168 1
180 171 1
180 173 1
180 176 1
180 177 1
180 178 1
181 4 1
181 6 1
181 7 1
181 8 1
181 10 1
181 12 1
181 14 1
181 16 1
181 17 1
181 20 1
181 22 1
181 24 1
181 26 1
181 27 1
181 30 1
181 31 1
181 34 1
181 35 1
181 37 1
181 38 1
181 43 1
181 44 1
181 45 1
181 46 1
181 48 1
181 49 1
181 54 1
181 55 1
181 56 1
181 57 1
181 58 1
181 59 1
181 60 1
181 66 1
181 67 1
181 68 1
181 69 1
181 72 1
181 74 1
181 75 1
181 77 1
181 78 1
181 79 1
181 80 1
181 82 1
181 83 1
181 84 1
181 85 1
181 86 1
181 90 1
181 91 1
181 92 1
181 93 1
181 94 1
181 96 1
181 97 1
181 98 1
181 99 1
181 104 1
181 107 1
181 109 1
181 111 1
181 114 1
181 115 1
181 116 1
181 117 1
181 118 1
181 121 1
181 122 1
181 123 1
181 125 1
181 126 1
181 131 1
181 132 1
181 135 1
181 136 1
181 144 1
181 146 1
181 147 1
181 148 1
181 150 1
181 151 1
181 152 1
181 153 1
181 155 1
181 158 1
181 159 1
181 160 1
181 161 1
181 164 1
181 165 1
181 166 1
181 167 1
181 168 1
181 169 1
181 170 1
181 173 1
181 176 1
181 177 1
181 178 1
182 1 1
182 2 1
182 3 1
182 10 1
182 11 1
182 12 1
182 13 1
182 18 1
182 19 1
182 21 1
182 22 1
182 23 1
182 24 1
182 25 1
182 28 1
182 31 1
182 35 1
182 37 1
182 38 1
182 40 1
182 41 1
182 43 1
182 44 1
182 46 1
182 47 1
182 49 1
182 50 1
182 51 1
182 52 1
182 53 1
182 54 1
182 57 1
182 59 1
182 62 1
182 63 1
182 65 1
182 66 1
182 67 1
182 68 1
182 71 1
182 73 1
182 75 1
182 76 1
182 77 1
182 78 1
182 79 1
182 80 1
182 82 1
182 89 1
182 92 1
182 93 1
182 94 1
182 96 1
182 98 1
182 99 1
182 100 1
182 104 1
182 106 1
182 107 1
182 109 1
182 111 1
182 113 1
182 118 1
182 120 1
182 123 1
182 124 1
182 126 1
182 128 1
182 129 1
182 131 1
182 132 1
182 134 1
182 135 1
182 137 1
182 138 1
182 139 1
182 144 1
182 145 1
182 146 1
182 148 1
182 149 1
182 151 1
182 152 1
182 154 1
182 155 1
182 156 1
182 163 1
182 165 1
182 167 1
182 170 1
182 172 1
182 173 1
182 174 1
182 178 1
182 181 1
183 5 1
183 6 1
183 7 1
183 13 1
183 14 1
183 15 1
183 16 1
183 19 1
183 21 1
183 23 1
183 24 1
183 27 1
183 28 1
183 29 1
183 30 1
183 31 1
183 33 1
183 34 1
183 36 1
183 37 1
183 38 1
183 40 1
183 41 1
183 44 1
183 46 1
183 48 1
183 50 1
183 53 1
183 55 1
183 56 1
183 57 1
183 58 1
183 60 1
183 61 1
183 63 1
183 65 1
183 66 1
183 68 1
183 69 1
183 70 1
183 73 1
183 76 1
183 78 1
183 79 1
183 80 1
183 83 1
183 84 1
183 85 1
183 90 1
183 91 1
183 92 1
183 96 1
183 98 1
183 100 1
183 102 1
183 103 1
183 105 1
183 108 1
183 111 1
183 112 1
183 114 1
183 115 1
183 118 1
183 120 1
183 121 1
183 122 1
183 125 1
183 128 1
183 129 1
183 132 1
183 135 1
183 136 1
183 138 1
183 145 1
183 148 1
183 149 1
183 150 1
183 154 1
183 155 1
183 156 1
183 157 1
183 158 1
183 161 1
183 163 1
183 166 1
183 167 1
183 168 1
183 170 1
183 171 1
183 172 1
183 176 1
183 177 1
183 178 1
183 179 1
183 182 1
184 3 1
184 4 1
184 5 1
184 6 1
184 7 1
184 11 1
184 12 1
184 16 1
184 17 1
184 18 1
184 20 1
184 28 1
184 29 1
184 34 1
184 37 1
184 38 1
184 39 1
184 40 1
184 43 1
184 44 1
184 46 1
184 48 1
184 51 1
184 52 1
184 53 1
184 55 1
184 56 1
184 58 1
184 62 1
184 67 1
184 68 1
184 71 1
184 72 1
184 76 1
184 77 1
184 79 1
184 81 1
184 83 1
184 86 1
184 88 1
184 89 1
184 92 1
184 93 1
184 97 1
184 102 1
184 103 1
184 104 1
184 106 1
184 108 1
184 110 1
184 111 1
184 112 1
184 114 1
184 116 1
184 117 1
184 120 1
184 121 1
184 125 1
184 127 1
184 128 1
184 129 1
184 130 1
184 131 1
184 132 1
184 139 1
184 142 1
184 145 1
184 147 1
184 148 1
184 149 1
184 152 1
184 153 1
184 154 1
184 156 1
184 160 1
184 162 1
184 163 1
184 164 1
184 167 1
184 171 1
184 173 1
184 174 1
184 175 1
184 177 1
184 178 1
184 181 1
184 182 1
185 1 1
185 2 1
185 9 1
185 10 1
185 11 1
185 14 1
185 15 1
185 16 1
185 17 1
185 18 1
185 19 1
185 21 1
185 23 1
185 26 1
185 29 1
185 30 1
185 31 1
185 35 1
185 36 1
185 40 1
185 41 1
185 42 1
185 44 1
185 46 1
185 47 1
185 48 1
185 49 1
185 53 1
185 54 1
185 55 1
185 58 1
185 59 1
185 60 1
185 61 1
185 66 1
185 68 1
185 69 1
185 70 1
185 71 1
185 72 1
185 73 1
185 74 1
185 75 1
185 77 1
185 78 1
185 81 1
185 83 1
185 84 1
185 87 1
185 90 1
185 93 1
185 94 1
185 97 1
185 100 1
185 102 1
185 105 1
185 106 1
185 107 1
185 109 1
185 110 1
185 112 1
185 117 1
185 119 1
185 121 1
185 122 1
185 124 1
185 125 1
185 131 1
185 132 1
185 133 1
185 134 1
185 137 1
185 138 1
185 142 1
185 143 1
185 144 1
185 147 1
185 150 1
185 152 1
185 156 1
185 158 1
185 159 1
185 160 1
185 161 1
185 162 1
185 163 1
185 164 1
185 166 1
185 167 1
185 171 1
185 172 1
185 174 1
185 176 1
185 177 1
185 180 1
185 181 1
186 1 1
186 2 1
186 10 1
186 13 1
186 14 1
186 15 1
186 16 1
186 17 1
186 18 1
186 19 1
186 21 1
186 22 1
186 25 1
186 26 1
186 27 1
186 28 1
186 29 1
186 30 1
186 31 1
186 34 1
186 35 1
186 36 1
186 37 1
186 38 1
186 39 1
186 45 1
186 46 1
186 47 1
186 49 1
186 52 1
186 54 1
186 56 1
186 59 1
186 60 1
186 61 1
186 65 1
186 66 1
186 67 1
186 68 1
186 69 1
186 70 1
186 73 1
186 78 1
186 79 1
186 80 1
186 82 1
186 86 1
186 88 1
186 90 1
186 92 1
186 94 1
186 98 1
186 99 1
186 100 1
186 101 1
186 103 1
186 105 1
186 106 1
186 107 1
186 109 1
186 112 1
186 116 1
186 118 1
186 122 1
186 124 1
186 130 1
186 134 1
186 137 1
186 139 1
186 140 1
186 141 1
186 142 1
186 143 1
186 147 1
186 149 1
186 150 1
186 151 1
186 152 1
186 154 1
186 155 1
186 159 1
186 160 1
186 161 1
186 162 1
186 163 1
186 164 1
186 165 1
186 168 1
186 169 1
186 170 1
186 171 1
186 172 1
186 175 1
186 177 1
186 178 1
186 180 1
186 182 1
186 183 1
186 184 1
186 185 1
187 1 1
187 2 1
187 4 1
187 5 1
187 6 1
187 10 1
187 12 1
187 13 1
187 14 1
187 19 1
187 21 1
187 22 1
187 25 1
187 27 1
187 31 1
187 34 1
187 35 1
187 36 1
187 37 1
187 42 1
187 43 1
187 44 1
187 45 1
187 50 1
187 53 1
187 54 1
187 59 1
187 60 1
187 61 1
187 63 1
187 64 1
187 66 1
187 67 1
187 70 1
187 71 1
187 73 1
187 74 1
187 77 1
187 80 1
187 82 1
187 84 1
187 88 1
187 89 1
187 96 1
187 102 1
187 103 1
187 105 1
187 106 1
187 107 1
187 108 1
187 109 1
187 111 1
187 113 1
187 114 1
187 115 1
187 118 1
187 119 1
187 120 1
187 131 1
187 132 1
187 133 1
187 135 1
187 137 1
187 138 1
187 140 1
187 141 1
187 142 1
187 143 1
187 144 1
187 146 1
187 147 1
187 148 1
187 150 1
187 151 1
187 153 1
187 154 1
187 155 1
187 159 1
187 160 1
187 169 1
187 172 1
187 176 1
187 177 1
187 178 1
187 181 1
187 183 1
187 184 1
188 1 1
188 5 1
188 6 1
188 10 1
188 14 1
188 16 1
188 19 1
188 23 1
188 27 1
188 28 1
188 30 1
188 31 1
188 37 1
188 38 1
188 45 1
188 46 1
188 48 1
188 49 1
188 50 1
188 52 1
188 54 1
188 57 1
188 58 1
188 59 1
188 61 1
188 62 1
188 64 1
188 65 1
188 66 1
188 67 1
188 68 1
188 71 1
188 72 1
188 75 1
188 77 1
188 80 1
188 83 1
188 89 1
188 91 1
188 93 1
188 96 1
188 97 1
188 101 1
188 103 1
188 106 1
188 113 1
188 114 1
188 118 1
188 120 1
188 121 1
188 122 1
188 125 1
188 127 1
188 128 1
188 131 1
188 134 1
188 135 1
188 136 1
188 138 1
188 142 1
188 143 1
188 144 1
188 147 1
188 148 1
188 150 1
188 153 1
188 154 1
188 156 1
188 160 1
188 161 1
188 165 1
188 166 1
188 171 1
188 172 1
188 176 1
188 182 1
188 183 1
188 184 1
188 186 1
189 1 1
189 3 1
189 4 1
189 5 1
189 9 1
189 12 1
189 13 1
189 14 1
189 15 1
189 16 1
189 17 1
189 18 1
189 21 1
189 22 1
189 23 1
189 25 1
189 28 1
189 29 1
189 30 1
189 31 1
189 35 1
189 36 1
189 37 1
189 38 1
189 39 1
189 42 1
189 44 1
189 45 1
189 47 1
189 51 1
189 52 1
189 53 1
189 54 1
189 56 1
189 57 1
189 58 1
189 60 1
189 61 1
189 63 1
189 64 1
189 65 1
189 70 1
189 72 1
189 73 1
189 79 1
189 87 1
189 91 1
189 92 1
189 96 1
189 97 1
189 98 1
189 99 1
189 100 1
189 104 1
189 105 1
189 106 1
189 107 1
189 111 1
189 112 1
189 113 1
189 114 1
189 115 1
189 116 1
189 119 1
189 120 1
189 123 1
189 124 1
189 128 1
189 129 1
189 131 1
189 132 1
189 133 1
189 136 1
189 139 1
189 141 1
189 143 1
189 148 1
189 150 1
189 154 1
189 155 1
189 156 1
189 158 1
189 159 1
189 160 1
189 161 1
189 162 1
189 163 1
189 165 1
189 167 1
189 168 1
189 169 1
189 170 1
189 172 1
189 173 1
189 174 1
189 175 1
189 179 1
189 183 1
189 186 1
189 187 1
190 1 1
190 2 1
190 3 1
190 4 1
190 6 1
190 7 1
190 9 1
190 12 1
190 15 1
190 17 1
190 20 1
190 21 1
190 22 1
190 24 1
190 25 1
190 28 1
190 30 1
190 36 1
190 37 1
190 39 1
190 43 1
190 44 1
190 45 1
190 46 1
190 47 1
190 50 1
190 52 1
190 53 1
190 55 1
190 57 1
190 59 1
190 61 1
190 66 1
190 68 1
190 69 1
190 70 1
190 72 1
190 76 1
190 85 1
190 89 1
190 91 1
190 92 1
190 93 1
190 95 1
190 97 1
190 98 1
190 101 1
190 105 1
190 106 1
190 108 1
190 109 1
190 113 1
190 117 1
190 119 1
190 121 1
190 123 1
190 124 1
190 126 1
190 127 1
190 130 1
190 136 1
190 137 1
190 138 1
190 140 1
190 141 1
190 143 1
190 145 1
190 146 1
190 147 1
190 148 1
190 150 1
190 151 1
190 152 1
190 153 1
190 157 1
190 159 1
190 161 1
190 162 1
190 163 1
190 164 1
190 167 1
190 168 1
190 169 1
190 170 1
190 174 1
190 175 1
190 177 1
190 178 1
190 179 1
190 180 1
190 183 1
190 185 1
190 187 1
191 1 1
191 2 1
191 3 1
191 6 1
191 8 1
191 9 1
191 10 1
191 13 1
191 14 1
191 16 1
191 17 1
191 21 1
191 23 1
191 24 1
191 26 1
191 27 1
191 28 1
191 30 1
191 33 1
191 36 1
191 40 1
191 42 1
191 44 1
191 45 1
191 47 1
191 53 1
191 56 1
191 58 1
191 59 1
191 61 1
191 66 1
191 67 1
191 68 1
191 70 1
191 71 1
191 73 1
191 74 1
191 77 1
191 78 1
191 79 1
191 81 1
191 82 1
191 85 1
191 88 1
191 89 1
191 90 1
191 93 1
191 94 1
191 95 1
191 102 1
191 105 1
191 110 1
191 112 1
191 113 1
191 114 1
191 116 1
191 117 1
191 118 1
191 119 1
191 125 1
191 126 1
191 127 1
191 128 1
191 130 1
191 131 1
191 132 1
191 134 1
191 135 1
191 142 1
191 144 1
191 146 1
191 147 1
191 152 1
191 155 1
191 156 1
191 158 1
191 159 1
191 166 1
191 168 1
191 169 1
191 170 1
191 171 1
191 172 1
191 173 1
191 175 1
191 177 1
191 179 1
191 181 1
191 182 1
191 183 1
191 189 1
191 190 1
192 6 1
192 8 1
192 9 1
192 11 1
192 14 1
192 17 1
192 21 1
192 22 1
192 23 1
192 24 1
192 25 1
192 27 1
192 29 1
192 32 1
192 35 1
192 40 1
192 44 1
192 45 1
192 46 1
192 47 1
192 49 1
192 51 1
192 52 1
192 56 1
192 57 1
192 58 1
192 63 1
192 64 1
192 65 1
192 66 1
192 68 1
192 69 1
192 70 1
192 71 1
192 72 1
192 76 1
192 77 1
192 81 1
192 85 1
192 86 1
192 89 1
192 90 1
192 92 1
192 96 1
192 97 1
192 99 1
192 100 1
192 101 1
192 104 1
192 106 1
192 107 1
192 111 1
192 114 1
192 116 1
192 118 1
192 119 1
192 126 1
192 130 1
192 131 1
192 132 1
192 136 1
192 139 1
192 141 1
192 145 1
192 146 1
192 148 1
192 149 1
192 150 1
192 151 1
192 156 1
192 157 1
192 159 1
192 160 1
192 163 1
192 164 1
192 165 1
192 168 1
192 169 1
192 170 1
192 171 1
192 173 1
192 182 1
192 183 1
192 184 1
192 185 1
192 186 1
192 188 1
192 190 1
193 1 1
193 4 1
193 5 1
193 6 1
193 9 1
193 11 1
193 12 1
193 15 1
193 23 1
193 27 1
193 32 1
193 34 1
193 36 1
193 38 1
193 39 1
193 43 1
193 47 1
193 48 1
193 50 1
193 52 1
193 53 1
193 54 1
193 59 1
193 62 1
193 63 1
193 64 1
193 68 1
193 69 1
193 70 1
193 71 1
193 72 1
193 76 1
193 77 1
193 78 1
193 79 1
193 80 1
193 81 1
193 82 1
193 83 1
193 84 1
193 89 1
193 90 1
193 91 1
193 93 1
193 95 1
193 99 1
193 104 1
193 107 1
193 113 1
193 114 1
193 119 1
193 120 1
193 121 1
193 124 1
193 127 1
193 128 1
193 129 1
193 130 1
193 131 1
193 133 1
193 134 1
193 136 1
193 143 1
193 146 1
193 149 1
193 154 1
193 155 1
193 159 1
193 160 1
193 162 1
193 163 1
193 166 1
193 167 1
193 169 1
193 171 1
193 173 1
193 175 1
193 176 1
193 178 1
193 181 1
193 186 1
193 192 1
194 2 1
194 6 1
194 9 1
194 14 1
194 15 1
194 17 1
194 18 1
194 21 1
194 22 1
194 29 1
194 31 1
194 34 1
194 35 1
194 36 1
194 38 1
194 39 1
194 41 1
194 42 1
194 44 1
194 45 1
194 47 1
194 48 1
194 49 1
194 51 1
194 52 1
194 53 1
194 55 1
194 57 1
194 60 1
194 61 1
194 63 1
194 64 1
194 65 1
194 68 1
194 69 1
194 70 1
194 71 1
194 73 1
194 77 1
194 78 1
194 82 1
194 84 1
194 89 1
194 90 1
194 91 1
194 93 1
194 97 1
194 102 1
194 103 1
194 104 1
194 106 1
194 108 1
194 109 1
194 112 1
194 115 1
194 116 1
194 118 1
194 119 1
194 120 1
194 121 1
194 122 1
194 123 1
194 124 1
194 126 1
194 127 1
194 128 1
194 129 1
194 132 1
194 134 1
194 137 1
194 139 1
194 142 1
194 144 1
194 146 1
194 148 1
194 151 1
194 152 1
194 153 1
194 156 1
194 160 1
194 161 1
194 163 1
194 164 1
194 166 1
194 167 1
194 169 1
194 170 1
194 171 1
194 173 1
194 174 1
194 175 1
194 176 1
194 177 1
194 183 1
194 184 1
194 185 1
194 187 1
194 188 1
194 189 1
194 190 1
194 191 1
195 2 1
195 7 1
195 13 1
195 17 1
195 18 1
195 21 1
195 23 1
195 24 1
195 25 1
195 30 1
195 35 1
195 36 1
195 38 1
195 39 1
195 41 1
195 43 1
195 45 1
195 46 1
195 47 1
195 49 1
195 54 1
195 55 1
195 56 1
195 58 1
195 59 1
195 61 1
195 62 1
195 63 1
195 64 1
195 69 1
195 71 1
195 72 1
195 73 1
195 74 1
195 82 1
195 85 1
195 87 1
195 90 1
195 91 1
195 92 1
195 97 1
195 98 1
195 99 1
195 100 1
195 102 1
195 103 1
195 104 1
195 106 1
195 107 1
195 108 1
195 109 1
195 111 1
195 113 1
195 116 1
195 119 1
195 120 1
195 121 1
195 124 1
195 125 1
195 126 1
195 129 1
195 133 1
195 134 1
195 137 1
195 138 1
195 140 1
195 141 1
195 142 1
195 143 1
195 144 1
195 145 1
195 146 1
195 147 1
195 148 1
195 153 1
195 154 1
195 157 1
195 159 1
195 160 1
195 161 1
195 162 1
195 163 1
195 164 1
195 165 1
195 166 1
195 171 1
195 173 1
195 176 1
195 178 1
195 180 1
195 181 1
195 182 1
195 183 1
195 184 1
195 187 1
195 189 1
195 191 1
195 192 1
196 3 1
196 4 1
196 8 1
196 9 1
196 11 1
196 15 1
196 16 1
196 18 1
196 19 1
196 20 1
196 25 1
196 26 1
196 28 1
196 29 1
196 30 1
196 32 1
196 33 1
196 34 1
196 36 1
196 37 1
196 38 1
196 40 1
196 43 1
196 44 1
196 46 1
196 58 1
196 59 1
196 60 1
196 62 1
196 63 1
196 65 1
196 67 1
196 69 1
196 70 1
196 71 1
196 74 1
196 75 1
196 76 1
196 80 1
196 84 1
196 85 1
196 87 1
196 90 1
196 91 1
196 93 1
196 94 1
196 97 1
196 99 1
196 100 1
196 101 1
196 102 1
196 103 1
196 105 1
196 106 1
196 107 1
196 109 1
196 111 1
196 114 1
196 115 1
196 118 1
196 120 1
196 123 1
196 125 1
196 127 1
196 134 1
196 136 1
196 139 1
196 142 1
196 144 1
196 145 1
196 147 1
196 150 1
196 151 1
196 153 1
196 156 1
196 158 1
196 160 1
196 165 1
196 167 1
196 170 1
196 171 1
196 174 1
196 177 1
196 178 1
196 180 1
196 181 1
196 182 1
196 183 1
196 185 1
196 192 1
196 195 1
197 3 1
197 6 1
197 10 1
197 15 1
197 17 1
197 18 1
197 20 1
197 22 1
197 25 1
197 26 1
197 29 1
197 30 1
197 32 1
197 33 1
197 37 1
197 41 1
197 44 1
197 45 1
197 46 1
197 49 1
197 51 1
197 56 1
197 57 1
197 58 1
197 61 1
197 65 1
197 67 1
197 69 1
197 70 1
197 74 1
197 76 1
197 77 1
197 81 1
197 82 1
197 84 1
197 87 1
197 88 1
197 89 1
197 90 1
197 94 1
197 95 1
197 96 1
197 97 1
197 99 1
197 103 1
197 104 1
197 105 1
197 106 1
197 107 1
197 108 1
197 110 1
197 111 1
197 112 1
197 113 1
197 115 1
197 116 1
197 119 1
197 120 1
197 121 1
197 122 1
197 127 1
197 129 1
197 131 1
197 132 1
197 133 1
197 136 1
197 141 1
197 144 1
197 145 1
197 148 1
197 149 1
197 150 1
197 151 1
197 152 1
197 153 1
197 155 1
197 157 1
197 159 1
197 161 1
197 164 1
197 165 1
197 166 1
197 168 1
197 170 1
197 173 1
197 174 1
197 175 1
197 178 1
197 179 1
197 180 1
197 181 1
197 182 1
197 185 1
197 187 1
197 188 1
197 189 1
197 191 1
197 192 1
197 195 1
198 1 1
198 2 1
198 5 1
198 9 1
198 10 1
198 14 1
198 17 1
198 18 1
198 19 1
198 20 1
198 21 1
198 24 1
198 28 1
198 30 1
198 31 1
198 32 1
198 33 1
198 37 1
198 41 1
198 43 1
198 46 1
198 49 1
198 54 1
198 56 1
198 60 1
198 61 1
198 62 1
198 66 1
198 67 1
198 68 1
198 69 1
198 70 1
198 72 1
198 74 1
198 75 1
198 77 1
198 81 1
198 82 1
198 83 1
198 84 1
198 85 1
198 88 1
198 91 1
198 94 1
198 95 1
198 97 1
198 100 1
198 106 1
198 107 1
198 108 1
198 110 1
198 111 1
198 112 1
198 113 1
198 115 1
198 117 1
198 118 1
198 122 1
198 123 1
198 124 1
198 125 1
198 129 1
198 131 1
198 132 1
198 133 1
198 134 1
198 135 1
198 136 1
198 137 1
198 140 1
198 143 1
198 144 1
198 145 1
198 147 1
198 148 1
198 149 1
198 150 1
198 151 1
198 153 1
198 157 1
198 161 1
198 165 1
198 166 1
198 168 1
198 169 1
198 170 1
198 171 1
198 172 1
198 176 1
198 179 1
198 180 1
198 182 1
198 183 1
198 184 1
198 185 1
198 187 1
198 188 1
198 192 1
198 197 1
199 2 1
199 6 1
199 8 1
199 9 1
199 11 1
199 13 1
199 16 1
199 18 1
199 19 1
199 20 1
199 21 1
199 22 1
199 26 1
199 28 1
199 30 1
199 31 1
199 33 1
199 35 1
199 37 1
199 39 1
199 40 1
199 42 1
199 44 1
199 45 1
199 47 1
199 48 1
199 51 1
199 52 1
199 53 1
199 54 1
199 55 1
199 57 1
199 71 1
199 74 1
199 76 1
199 78 1
199 79 1
199 89 1
199 90 1
199 93 1
199 94 1
199 96 1
199 97 1
199 99 1
199 102 1
199 105 1
199 106 1
199 109 1
199 111 1
199 112 1
199 113 1
199 114 1
199 115 1
199 116 1
199 117 1
199 122 1
199 125 1
199 128 1
199 129 1
199 131 1
199 132 1
199 133 1
199 135 1
199 137 1
199 138 1
199 139 1
199 141 1
199 148 1
199 149 1
199 154 1
199 155 1
199 156 1
199 157 1
199 159 1
199 160 1
199 163 1
199 166 1
199 171 1
199 172 1
199 175 1
199 178 1
199 179 1
199 183 1
199 184 1
199 185 1
199 188 1
199 189 1
199 196 1
199 197 1
199 198 1
200 7 1
200 9 1
200 10 1
200 11 1
200 15 1
200 20 1
200 21 1
200 22 1
200 23 1
200 25 1
200 26 1
200 28 1
200 29 1
200 30 1
200 31 1
200 32 1
200 33 1
200 36 1
200 37 1
200 38 1
200 41 1
200 48 1
200 49 1
200 54 1
200 55 1
200 56 1
200 57 1
200 63 1
200 65 1
200 69 1
200 70 1
200 72 1
200 73 1
200 74 1
200 75 1
200 76 1
200 78 1
200 79 1
200 84 1
200 85 1
200 88 1
200 90 1
200 91 1
200 92 1
200 93 1
200 94 1
200 95 1
200 100 1
200 102 1
200 103 1
200 105 1
200 108 1
200 110 1
200 111 1
200 112 1
200 113 1
200 116 1
200 118 1
200 124 1
200 127 1
200 131 1
200 132 1
200 134 1
200 136 1
200 137 1
200 141 1
200 143 1
200 144 1
200 147 1
200 148 1
200 149 1
200 150 1
200 152 1
200 154 1
200 160 1
200 161 1
200 163 1
200 164 1
200 165 1
200 166 1
200 168 1
200 169 1
200 170 1
200 171 1
200 172 1
200 174 1
200 176 1
200 177 1
200 178 1
200 180 1
200 181 1
200 182 1
200 183 1
200 184 1
200 185 1
200 186 1
200 188 1
200 191 1
200 192 1
200 193 1
200 194 1
200 195 1
200 196 1
