301 5662
1 2 587 
1 3 587 
1 4 587 
1 5 587 
1 6 587 
1 11 587 
1 16 587 
1 21 587 
1 26 587 
1 31 587 
1 36 587 
1 41 587 
1 46 587 
1 51 587 
1 56 587 
1 61 587 
1 66 587 
1 71 587 
1 76 587 
1 81 587 
1 86 587 
1 91 587 
1 96 587 
1 101 587 
1 106 587 
1 111 587 
1 116 587 
1 121 587 
1 126 587 
1 131 587 
1 136 587 
1 141 587 
1 146 587 
1 151 587 
1 156 587 
1 161 587 
1 166 587 
1 171 587 
1 176 587 
1 181 587 
1 186 587 
1 191 587 
1 196 587 
1 201 587 
1 206 587 
1 211 587 
1 216 587 
1 221 587 
1 226 587 
1 231 587 
1 236 587 
1 241 587 
1 246 587 
1 251 587 
1 256 587 
1 261 587 
1 266 587 
1 271 587 
1 276 587 
1 281 587 
1 286 587 
1 291 587 
1 296 587 
1 301 25241 
2 3 587 
2 4 587 
2 5 587 
2 7 10 
2 8 2 
2 9 5 
2 10 8 
2 12 3 
2 13 1 
2 14 2 
2 15 2 
2 42 8 
2 43 2 
2 44 4 
2 45 6 
2 47 5 
2 48 1 
2 49 2 
2 50 4 
2 301 1826 
3 4 587 
3 5 587 
3 7 2 
3 8 10 
3 9 2 
3 10 5 
3 12 1 
3 13 3 
3 14 1 
3 15 2 
3 42 2 
3 43 8 
3 44 2 
3 45 4 
3 47 1 
3 48 5 
3 49 1 
3 50 2 
3 301 1813 
4 5 587 
4 7 5 
4 8 2 
4 9 10 
4 10 2 
4 12 2 
4 13 1 
4 14 3 
4 15 1 
4 42 4 
4 43 2 
4 44 8 
4 45 2 
4 47 2 
4 48 1 
4 49 5 
4 50 1 
4 301 1813 
5 7 8 
5 8 5 
5 9 2 
5 10 10 
5 12 2 
5 13 2 
5 14 1 
5 15 3 
5 42 6 
5 43 4 
5 44 2 
5 45 8 
5 47 4 
5 48 2 
5 49 1 
5 50 5 
5 301 1826 
6 7 587 
6 8 587 
6 9 587 
6 10 587 
6 11 587 
6 16 587 
6 21 587 
6 26 587 
6 31 587 
6 36 587 
6 41 587 
6 46 587 
6 51 587 
6 56 587 
6 61 587 
6 66 587 
6 71 587 
6 76 587 
6 81 587 
6 86 587 
6 91 587 
6 96 587 
6 101 587 
6 106 587 
6 111 587 
6 116 587 
6 121 587 
6 126 587 
6 131 587 
6 136 587 
6 141 587 
6 146 587 
6 151 587 
6 156 587 
6 161 587 
6 166 587 
6 171 587 
6 176 587 
6 181 587 
6 186 587 
6 191 587 
6 196 587 
6 201 587 
6 206 587 
6 211 587 
6 216 587 
6 221 587 
6 226 587 
6 231 587 
6 236 587 
6 241 587 
6 246 587 
6 251 587 
6 256 587 
6 261 587 
6 266 587 
6 271 587 
6 276 587 
6 281 587 
6 286 587 
6 291 587 
6 296 587 
6 301 25241 
7 8 587 
7 9 587 
7 10 587 
7 12 10 
7 13 2 
7 14 5 
7 15 8 
7 17 3 
7 18 1 
7 19 2 
7 20 2 
7 42 5 
7 43 1 
7 44 2 
7 45 4 
7 47 8 
7 48 2 
7 49 4 
7 50 6 
7 52 5 
7 53 1 
7 54 2 
7 55 4 
7 301 1864 
8 9 587 
8 10 587 
8 12 2 
8 13 10 
8 14 2 
8 15 5 
8 17 1 
8 18 3 
8 19 1 
8 20 2 
8 42 1 
8 43 5 
8 44 1 
8 45 2 
8 47 2 
8 48 8 
8 49 2 
8 50 4 
8 52 1 
8 53 5 
8 54 1 
8 55 2 
8 301 1843 
9 10 587 
9 12 5 
9 13 2 
9 14 10 
9 15 2 
9 17 2 
9 18 1 
9 19 3 
9 20 1 
9 42 2 
9 43 1 
9 44 5 
9 45 1 
9 47 4 
9 48 2 
9 49 8 
9 50 2 
9 52 2 
9 53 1 
9 54 5 
9 55 1 
9 301 1843 
10 12 8 
10 13 5 
10 14 2 
10 15 10 
10 17 2 
10 18 2 
10 19 1 
10 20 3 
10 42 4 
10 43 2 
10 44 1 
10 45 5 
10 47 6 
10 48 4 
10 49 2 
10 50 8 
10 52 4 
10 53 2 
10 54 1 
10 55 5 
10 301 1864 
11 12 587 
11 13 587 
11 14 587 
11 15 587 
11 16 587 
11 21 587 
11 26 587 
11 31 587 
11 36 587 
11 41 587 
11 46 587 
11 51 587 
11 56 587 
11 61 587 
11 66 587 
11 71 587 
11 76 587 
11 81 587 
11 86 587 
11 91 587 
11 96 587 
11 101 587 
11 106 587 
11 111 587 
11 116 587 
11 121 587 
11 126 587 
11 131 587 
11 136 587 
11 141 587 
11 146 587 
11 151 587 
11 156 587 
11 161 587 
11 166 587 
11 171 587 
11 176 587 
11 181 587 
11 186 587 
11 191 587 
11 196 587 
11 201 587 
11 206 587 
11 211 587 
11 216 587 
11 221 587 
11 226 587 
11 231 587 
11 236 587 
11 241 587 
11 246 587 
11 251 587 
11 256 587 
11 261 587 
11 266 587 
11 271 587 
11 276 587 
11 281 587 
11 286 587 
11 291 587 
11 296 587 
11 301 25241 
12 13 587 
12 14 587 
12 15 587 
12 17 10 
12 18 2 
12 19 5 
12 20 8 
12 22 3 
12 23 1 
12 24 2 
12 25 2 
12 47 5 
12 48 1 
12 49 2 
12 50 4 
12 52 8 
12 53 2 
12 54 4 
12 55 6 
12 57 5 
12 58 1 
12 59 2 
12 60 4 
12 301 1871 
13 14 587 
13 15 587 
13 17 2 
13 18 10 
13 19 2 
13 20 5 
13 22 1 
13 23 3 
13 24 1 
13 25 2 
13 47 1 
13 48 5 
13 49 1 
13 50 2 
13 52 2 
13 53 8 
13 54 2 
13 55 4 
13 57 1 
13 58 5 
13 59 1 
13 60 2 
13 301 1849 
14 15 587 
14 17 5 
14 18 2 
14 19 10 
14 20 2 
14 22 2 
14 23 1 
14 24 3 
14 25 1 
14 47 2 
14 48 1 
14 49 5 
14 50 1 
14 52 4 
14 53 2 
14 54 8 
14 55 2 
14 57 2 
14 58 1 
14 59 5 
14 60 1 
14 301 1849 
15 17 8 
15 18 5 
15 19 2 
15 20 10 
15 22 2 
15 23 2 
15 24 1 
15 25 3 
15 47 4 
15 48 2 
15 49 1 
15 50 5 
15 52 6 
15 53 4 
15 54 2 
15 55 8 
15 57 4 
15 58 2 
15 59 1 
15 60 5 
15 301 1871 
16 17 587 
16 18 587 
16 19 587 
16 20 587 
16 21 587 
16 26 587 
16 31 587 
16 36 587 
16 41 587 
16 46 587 
16 51 587 
16 56 587 
16 61 587 
16 66 587 
16 71 587 
16 76 587 
16 81 587 
16 86 587 
16 91 587 
16 96 587 
16 101 587 
16 106 587 
16 111 587 
16 116 587 
16 121 587 
16 126 587 
16 131 587 
16 136 587 
16 141 587 
16 146 587 
16 151 587 
16 156 587 
16 161 587 
16 166 587 
16 171 587 
16 176 587 
16 181 587 
16 186 587 
16 191 587 
16 196 587 
16 201 587 
16 206 587 
16 211 587 
16 216 587 
16 221 587 
16 226 587 
16 231 587 
16 236 587 
16 241 587 
16 246 587 
16 251 587 
16 256 587 
16 261 587 
16 266 587 
16 271 587 
16 276 587 
16 281 587 
16 286 587 
16 291 587 
16 296 587 
16 301 25241 
17 18 587 
17 19 587 
17 20 587 
17 22 10 
17 23 2 
17 24 5 
17 25 8 
17 27 3 
17 28 1 
17 29 2 
17 30 2 
17 52 5 
17 53 1 
17 54 2 
17 55 4 
17 57 8 
17 58 2 
17 59 4 
17 60 6 
17 62 5 
17 63 1 
17 64 2 
17 65 4 
17 301 1871 
18 19 587 
18 20 587 
18 22 2 
18 23 10 
18 24 2 
18 25 5 
18 27 1 
18 28 3 
18 29 1 
18 30 2 
18 52 1 
18 53 5 
18 54 1 
18 55 2 
18 57 2 
18 58 8 
18 59 2 
18 60 4 
18 62 1 
18 63 5 
18 64 1 
18 65 2 
18 301 1849 
19 20 587 
19 22 5 
19 23 2 
19 24 10 
19 25 2 
19 27 2 
19 28 1 
19 29 3 
19 30 1 
19 52 2 
19 53 1 
19 54 5 
19 55 1 
19 57 4 
19 58 2 
19 59 8 
19 60 2 
19 62 2 
19 63 1 
19 64 5 
19 65 1 
19 301 1849 
20 22 8 
20 23 5 
20 24 2 
20 25 10 
20 27 2 
20 28 2 
20 29 1 
20 30 3 
20 52 4 
20 53 2 
20 54 1 
20 55 5 
20 57 6 
20 58 4 
20 59 2 
20 60 8 
20 62 4 
20 63 2 
20 64 1 
20 65 5 
20 301 1871 
21 22 587 
21 23 587 
21 24 587 
21 25 587 
21 26 587 
21 31 587 
21 36 587 
21 41 587 
21 46 587 
21 51 587 
21 56 587 
21 61 587 
21 66 587 
21 71 587 
21 76 587 
21 81 587 
21 86 587 
21 91 587 
21 96 587 
21 101 587 
21 106 587 
21 111 587 
21 116 587 
21 121 587 
21 126 587 
21 131 587 
21 136 587 
21 141 587 
21 146 587 
21 151 587 
21 156 587 
21 161 587 
21 166 587 
21 171 587 
21 176 587 
21 181 587 
21 186 587 
21 191 587 
21 196 587 
21 201 587 
21 206 587 
21 211 587 
21 216 587 
21 221 587 
21 226 587 
21 231 587 
21 236 587 
21 241 587 
21 246 587 
21 251 587 
21 256 587 
21 261 587 
21 266 587 
21 271 587 
21 276 587 
21 281 587 
21 286 587 
21 291 587 
21 296 587 
21 301 25241 
22 23 587 
22 24 587 
22 25 587 
22 27 10 
22 28 2 
22 29 5 
22 30 8 
22 32 3 
22 33 1 
22 34 2 
22 35 2 
22 57 5 
22 58 1 
22 59 2 
22 60 4 
22 62 8 
22 63 2 
22 64 4 
22 65 6 
22 67 5 
22 68 1 
22 69 2 
22 70 4 
22 301 1871 
23 24 587 
23 25 587 
23 27 2 
23 28 10 
23 29 2 
23 30 5 
23 32 1 
23 33 3 
23 34 1 
23 35 2 
23 57 1 
23 58 5 
23 59 1 
23 60 2 
23 62 2 
23 63 8 
23 64 2 
23 65 4 
23 67 1 
23 68 5 
23 69 1 
23 70 2 
23 301 1849 
24 25 587 
24 27 5 
24 28 2 
24 29 10 
24 30 2 
24 32 2 
24 33 1 
24 34 3 
24 35 1 
24 57 2 
24 58 1 
24 59 5 
24 60 1 
24 62 4 
24 63 2 
24 64 8 
24 65 2 
24 67 2 
24 68 1 
24 69 5 
24 70 1 
24 301 1849 
25 27 8 
25 28 5 
25 29 2 
25 30 10 
25 32 2 
25 33 2 
25 34 1 
25 35 3 
25 57 4 
25 58 2 
25 59 1 
25 60 5 
25 62 6 
25 63 4 
25 64 2 
25 65 8 
25 67 4 
25 68 2 
25 69 1 
25 70 5 
25 301 1871 
26 27 587 
26 28 587 
26 29 587 
26 30 587 
26 31 587 
26 36 587 
26 41 587 
26 46 587 
26 51 587 
26 56 587 
26 61 587 
26 66 587 
26 71 587 
26 76 587 
26 81 587 
26 86 587 
26 91 587 
26 96 587 
26 101 587 
26 106 587 
26 111 587 
26 116 587 
26 121 587 
26 126 587 
26 131 587 
26 136 587 
26 141 587 
26 146 587 
26 151 587 
26 156 587 
26 161 587 
26 166 587 
26 171 587 
26 176 587 
26 181 587 
26 186 587 
26 191 587 
26 196 587 
26 201 587 
26 206 587 
26 211 587 
26 216 587 
26 221 587 
26 226 587 
26 231 587 
26 236 587 
26 241 587 
26 246 587 
26 251 587 
26 256 587 
26 261 587 
26 266 587 
26 271 587 
26 276 587 
26 281 587 
26 286 587 
26 291 587 
26 296 587 
26 301 25241 
27 28 587 
27 29 587 
27 30 587 
27 32 10 
27 33 2 
27 34 5 
27 35 8 
27 37 3 
27 38 1 
27 39 2 
27 40 2 
27 62 5 
27 63 1 
27 64 2 
27 65 4 
27 67 8 
27 68 2 
27 69 4 
27 70 6 
27 72 5 
27 73 1 
27 74 2 
27 75 4 
27 301 1871 
28 29 587 
28 30 587 
28 32 2 
28 33 10 
28 34 2 
28 35 5 
28 37 1 
28 38 3 
28 39 1 
28 40 2 
28 62 1 
28 63 5 
28 64 1 
28 65 2 
28 67 2 
28 68 8 
28 69 2 
28 70 4 
28 72 1 
28 73 5 
28 74 1 
28 75 2 
28 301 1849 
29 30 587 
29 32 5 
29 33 2 
29 34 10 
29 35 2 
29 37 2 
29 38 1 
29 39 3 
29 40 1 
29 62 2 
29 63 1 
29 64 5 
29 65 1 
29 67 4 
29 68 2 
29 69 8 
29 70 2 
29 72 2 
29 73 1 
29 74 5 
29 75 1 
29 301 1849 
30 32 8 
30 33 5 
30 34 2 
30 35 10 
30 37 2 
30 38 2 
30 39 1 
30 40 3 
30 62 4 
30 63 2 
30 64 1 
30 65 5 
30 67 6 
30 68 4 
30 69 2 
30 70 8 
30 72 4 
30 73 2 
30 74 1 
30 75 5 
30 301 1871 
31 32 587 
31 33 587 
31 34 587 
31 35 587 
31 36 587 
31 41 587 
31 46 587 
31 51 587 
31 56 587 
31 61 587 
31 66 587 
31 71 587 
31 76 587 
31 81 587 
31 86 587 
31 91 587 
31 96 587 
31 101 587 
31 106 587 
31 111 587 
31 116 587 
31 121 587 
31 126 587 
31 131 587 
31 136 587 
31 141 587 
31 146 587 
31 151 587 
31 156 587 
31 161 587 
31 166 587 
31 171 587 
31 176 587 
31 181 587 
31 186 587 
31 191 587 
31 196 587 
31 201 587 
31 206 587 
31 211 587 
31 216 587 
31 221 587 
31 226 587 
31 231 587 
31 236 587 
31 241 587 
31 246 587 
31 251 587 
31 256 587 
31 261 587 
31 266 587 
31 271 587 
31 276 587 
31 281 587 
31 286 587 
31 291 587 
31 296 587 
31 301 25241 
32 33 587 
32 34 587 
32 35 587 
32 37 10 
32 38 2 
32 39 5 
32 40 8 
32 67 5 
32 68 1 
32 69 2 
32 70 4 
32 72 8 
32 73 2 
32 74 4 
32 75 6 
32 77 5 
32 78 1 
32 79 2 
32 80 4 
32 301 1864 
33 34 587 
33 35 587 
33 37 2 
33 38 10 
33 39 2 
33 40 5 
33 67 1 
33 68 5 
33 69 1 
33 70 2 
33 72 2 
33 73 8 
33 74 2 
33 75 4 
33 77 1 
33 78 5 
33 79 1 
33 80 2 
33 301 1843 
34 35 587 
34 37 5 
34 38 2 
34 39 10 
34 40 2 
34 67 2 
34 68 1 
34 69 5 
34 70 1 
34 72 4 
34 73 2 
34 74 8 
34 75 2 
34 77 2 
34 78 1 
34 79 5 
34 80 1 
34 301 1843 
35 37 8 
35 38 5 
35 39 2 
35 40 10 
35 67 4 
35 68 2 
35 69 1 
35 70 5 
35 72 6 
35 73 4 
35 74 2 
35 75 8 
35 77 4 
35 78 2 
35 79 1 
35 80 5 
35 301 1864 
36 37 587 
36 38 587 
36 39 587 
36 40 587 
36 41 587 
36 46 587 
36 51 587 
36 56 587 
36 61 587 
36 66 587 
36 71 587 
36 76 587 
36 81 587 
36 86 587 
36 91 587 
36 96 587 
36 101 587 
36 106 587 
36 111 587 
36 116 587 
36 121 587 
36 126 587 
36 131 587 
36 136 587 
36 141 587 
36 146 587 
36 151 587 
36 156 587 
36 161 587 
36 166 587 
36 171 587 
36 176 587 
36 181 587 
36 186 587 
36 191 587 
36 196 587 
36 201 587 
36 206 587 
36 211 587 
36 216 587 
36 221 587 
36 226 587 
36 231 587 
36 236 587 
36 241 587 
36 246 587 
36 251 587 
36 256 587 
36 261 587 
36 266 587 
36 271 587 
36 276 587 
36 281 587 
36 286 587 
36 291 587 
36 296 587 
36 301 25241 
37 38 587 
37 39 587 
37 40 587 
37 72 5 
37 73 1 
37 74 2 
37 75 4 
37 77 8 
37 78 2 
37 79 4 
37 80 6 
37 301 1826 
38 39 587 
38 40 587 
38 72 1 
38 73 5 
38 74 1 
38 75 2 
38 77 2 
38 78 8 
38 79 2 
38 80 4 
38 301 1813 
39 40 587 
39 72 2 
39 73 1 
39 74 5 
39 75 1 
39 77 4 
39 78 2 
39 79 8 
39 80 2 
39 301 1813 
40 72 4 
40 73 2 
40 74 1 
40 75 5 
40 77 6 
40 78 4 
40 79 2 
40 80 8 
40 301 1826 
41 42 587 
41 43 587 
41 44 587 
41 45 587 
41 46 587 
41 51 587 
41 56 587 
41 61 587 
41 66 587 
41 71 587 
41 76 587 
41 81 587 
41 86 587 
41 91 587 
41 96 587 
41 101 587 
41 106 587 
41 111 587 
41 116 587 
41 121 587 
41 126 587 
41 131 587 
41 136 587 
41 141 587 
41 146 587 
41 151 587 
41 156 587 
41 161 587 
41 166 587 
41 171 587 
41 176 587 
41 181 587 
41 186 587 
41 191 587 
41 196 587 
41 201 587 
41 206 587 
41 211 587 
41 216 587 
41 221 587 
41 226 587 
41 231 587 
41 236 587 
41 241 587 
41 246 587 
41 251 587 
41 256 587 
41 261 587 
41 266 587 
41 271 587 
41 276 587 
41 281 587 
41 286 587 
41 291 587 
41 296 587 
41 301 25241 
42 43 587 
42 44 587 
42 45 587 
42 47 10 
42 48 2 
42 49 5 
42 50 8 
42 52 3 
42 53 1 
42 54 2 
42 55 2 
42 82 3 
42 83 1 
42 84 2 
42 85 2 
42 301 1834 
43 44 587 
43 45 587 
43 47 2 
43 48 10 
43 49 2 
43 50 5 
43 52 1 
43 53 3 
43 54 1 
43 55 2 
43 82 1 
43 83 3 
43 84 1 
43 85 2 
43 301 1819 
44 45 587 
44 47 5 
44 48 2 
44 49 10 
44 50 2 
44 52 2 
44 53 1 
44 54 3 
44 55 1 
44 82 2 
44 83 1 
44 84 3 
44 85 1 
44 301 1819 
45 47 8 
45 48 5 
45 49 2 
45 50 10 
45 52 2 
45 53 2 
45 54 1 
45 55 3 
45 82 2 
45 83 2 
45 84 1 
45 85 3 
45 301 1834 
46 47 587 
46 48 587 
46 49 587 
46 50 587 
46 51 587 
46 56 587 
46 61 587 
46 66 587 
46 71 587 
46 76 587 
46 81 587 
46 86 587 
46 91 587 
46 96 587 
46 101 587 
46 106 587 
46 111 587 
46 116 587 
46 121 587 
46 126 587 
46 131 587 
46 136 587 
46 141 587 
46 146 587 
46 151 587 
46 156 587 
46 161 587 
46 166 587 
46 171 587 
46 176 587 
46 181 587 
46 186 587 
46 191 587 
46 196 587 
46 201 587 
46 206 587 
46 211 587 
46 216 587 
46 221 587 
46 226 587 
46 231 587 
46 236 587 
46 241 587 
46 246 587 
46 251 587 
46 256 587 
46 261 587 
46 266 587 
46 271 587 
46 276 587 
46 281 587 
46 286 587 
46 291 587 
46 296 587 
46 301 25241 
47 48 587 
47 49 587 
47 50 587 
47 52 10 
47 53 2 
47 54 5 
47 55 8 
47 57 3 
47 58 1 
47 59 2 
47 60 2 
47 87 3 
47 88 1 
47 89 2 
47 90 2 
47 301 1871 
48 49 587 
48 50 587 
48 52 2 
48 53 10 
48 54 2 
48 55 5 
48 57 1 
48 58 3 
48 59 1 
48 60 2 
48 87 1 
48 88 3 
48 89 1 
48 90 2 
48 301 1849 
49 50 587 
49 52 5 
49 53 2 
49 54 10 
49 55 2 
49 57 2 
49 58 1 
49 59 3 
49 60 1 
49 87 2 
49 88 1 
49 89 3 
49 90 1 
49 301 1849 
50 52 8 
50 53 5 
50 54 2 
50 55 10 
50 57 2 
50 58 2 
50 59 1 
50 60 3 
50 87 2 
50 88 2 
50 89 1 
50 90 3 
50 301 1871 
51 52 587 
51 53 587 
51 54 587 
51 55 587 
51 56 587 
51 61 587 
51 66 587 
51 71 587 
51 76 587 
51 81 587 
51 86 587 
51 91 587 
51 96 587 
51 101 587 
51 106 587 
51 111 587 
51 116 587 
51 121 587 
51 126 587 
51 131 587 
51 136 587 
51 141 587 
51 146 587 
51 151 587 
51 156 587 
51 161 587 
51 166 587 
51 171 587 
51 176 587 
51 181 587 
51 186 587 
51 191 587 
51 196 587 
51 201 587 
51 206 587 
51 211 587 
51 216 587 
51 221 587 
51 226 587 
51 231 587 
51 236 587 
51 241 587 
51 246 587 
51 251 587 
51 256 587 
51 261 587 
51 266 587 
51 271 587 
51 276 587 
51 281 587 
51 286 587 
51 291 587 
51 296 587 
51 301 25241 
52 53 587 
52 54 587 
52 55 587 
52 57 10 
52 58 2 
52 59 5 
52 60 8 
52 62 3 
52 63 1 
52 64 2 
52 65 2 
52 92 3 
52 93 1 
52 94 2 
52 95 2 
52 301 1878 
53 54 587 
53 55 587 
53 57 2 
53 58 10 
53 59 2 
53 60 5 
53 62 1 
53 63 3 
53 64 1 
53 65 2 
53 92 1 
53 93 3 
53 94 1 
53 95 2 
53 301 1855 
54 55 587 
54 57 5 
54 58 2 
54 59 10 
54 60 2 
54 62 2 
54 63 1 
54 64 3 
54 65 1 
54 92 2 
54 93 1 
54 94 3 
54 95 1 
54 301 1855 
55 57 8 
55 58 5 
55 59 2 
55 60 10 
55 62 2 
55 63 2 
55 64 1 
55 65 3 
55 92 2 
55 93 2 
55 94 1 
55 95 3 
55 301 1878 
56 57 587 
56 58 587 
56 59 587 
56 60 587 
56 61 587 
56 66 587 
56 71 587 
56 76 587 
56 81 587 
56 86 587 
56 91 587 
56 96 587 
56 101 587 
56 106 587 
56 111 587 
56 116 587 
56 121 587 
56 126 587 
56 131 587 
56 136 587 
56 141 587 
56 146 587 
56 151 587 
56 156 587 
56 161 587 
56 166 587 
56 171 587 
56 176 587 
56 181 587 
56 186 587 
56 191 587 
56 196 587 
56 201 587 
56 206 587 
56 211 587 
56 216 587 
56 221 587 
56 226 587 
56 231 587 
56 236 587 
56 241 587 
56 246 587 
56 251 587 
56 256 587 
56 261 587 
56 266 587 
56 271 587 
56 276 587 
56 281 587 
56 286 587 
56 291 587 
56 296 587 
56 301 25241 
57 58 587 
57 59 587 
57 60 587 
57 62 10 
57 63 2 
57 64 5 
57 65 8 
57 67 3 
57 68 1 
57 69 2 
57 70 2 
57 97 3 
57 98 1 
57 99 2 
57 100 2 
57 301 1878 
58 59 587 
58 60 587 
58 62 2 
58 63 10 
58 64 2 
58 65 5 
58 67 1 
58 68 3 
58 69 1 
58 70 2 
58 97 1 
58 98 3 
58 99 1 
58 100 2 
58 301 1855 
59 60 587 
59 62 5 
59 63 2 
59 64 10 
59 65 2 
59 67 2 
59 68 1 
59 69 3 
59 70 1 
59 97 2 
59 98 1 
59 99 3 
59 100 1 
59 301 1855 
60 62 8 
60 63 5 
60 64 2 
60 65 10 
60 67 2 
60 68 2 
60 69 1 
60 70 3 
60 97 2 
60 98 2 
60 99 1 
60 100 3 
60 301 1878 
61 62 587 
61 63 587 
61 64 587 
61 65 587 
61 66 587 
61 71 587 
61 76 587 
61 81 587 
61 86 587 
61 91 587 
61 96 587 
61 101 587 
61 106 587 
61 111 587 
61 116 587 
61 121 587 
61 126 587 
61 131 587 
61 136 587 
61 141 587 
61 146 587 
61 151 587 
61 156 587 
61 161 587 
61 166 587 
61 171 587 
61 176 587 
61 181 587 
61 186 587 
61 191 587 
61 196 587 
61 201 587 
61 206 587 
61 211 587 
61 216 587 
61 221 587 
61 226 587 
61 231 587 
61 236 587 
61 241 587 
61 246 587 
61 251 587 
61 256 587 
61 261 587 
61 266 587 
61 271 587 
61 276 587 
61 281 587 
61 286 587 
61 291 587 
61 296 587 
61 301 25241 
62 63 587 
62 64 587 
62 65 587 
62 67 10 
62 68 2 
62 69 5 
62 70 8 
62 72 3 
62 73 1 
62 74 2 
62 75 2 
62 102 3 
62 103 1 
62 104 2 
62 105 2 
62 301 1878 
63 64 587 
63 65 587 
63 67 2 
63 68 10 
63 69 2 
63 70 5 
63 72 1 
63 73 3 
63 74 1 
63 75 2 
63 102 1 
63 103 3 
63 104 1 
63 105 2 
63 301 1855 
64 65 587 
64 67 5 
64 68 2 
64 69 10 
64 70 2 
64 72 2 
64 73 1 
64 74 3 
64 75 1 
64 102 2 
64 103 1 
64 104 3 
64 105 1 
64 301 1855 
65 67 8 
65 68 5 
65 69 2 
65 70 10 
65 72 2 
65 73 2 
65 74 1 
65 75 3 
65 102 2 
65 103 2 
65 104 1 
65 105 3 
65 301 1878 
66 67 587 
66 68 587 
66 69 587 
66 70 587 
66 71 587 
66 76 587 
66 81 587 
66 86 587 
66 91 587 
66 96 587 
66 101 587 
66 106 587 
66 111 587 
66 116 587 
66 121 587 
66 126 587 
66 131 587 
66 136 587 
66 141 587 
66 146 587 
66 151 587 
66 156 587 
66 161 587 
66 166 587 
66 171 587 
66 176 587 
66 181 587 
66 186 587 
66 191 587 
66 196 587 
66 201 587 
66 206 587 
66 211 587 
66 216 587 
66 221 587 
66 226 587 
66 231 587 
66 236 587 
66 241 587 
66 246 587 
66 251 587 
66 256 587 
66 261 587 
66 266 587 
66 271 587 
66 276 587 
66 281 587 
66 286 587 
66 291 587 
66 296 587 
66 301 25241 
67 68 587 
67 69 587 
67 70 587 
67 72 10 
67 73 2 
67 74 5 
67 75 8 
67 77 3 
67 78 1 
67 79 2 
67 80 2 
67 301 1871 
68 69 587 
68 70 587 
68 72 2 
68 73 10 
68 74 2 
68 75 5 
68 77 1 
68 78 3 
68 79 1 
68 80 2 
68 301 1849 
69 70 587 
69 72 5 
69 73 2 
69 74 10 
69 75 2 
69 77 2 
69 78 1 
69 79 3 
69 80 1 
69 301 1849 
70 72 8 
70 73 5 
70 74 2 
70 75 10 
70 77 2 
70 78 2 
70 79 1 
70 80 3 
70 301 1871 
71 72 587 
71 73 587 
71 74 587 
71 75 587 
71 76 587 
71 81 587 
71 86 587 
71 91 587 
71 96 587 
71 101 587 
71 106 587 
71 111 587 
71 116 587 
71 121 587 
71 126 587 
71 131 587 
71 136 587 
71 141 587 
71 146 587 
71 151 587 
71 156 587 
71 161 587 
71 166 587 
71 171 587 
71 176 587 
71 181 587 
71 186 587 
71 191 587 
71 196 587 
71 201 587 
71 206 587 
71 211 587 
71 216 587 
71 221 587 
71 226 587 
71 231 587 
71 236 587 
71 241 587 
71 246 587 
71 251 587 
71 256 587 
71 261 587 
71 266 587 
71 271 587 
71 276 587 
71 281 587 
71 286 587 
71 291 587 
71 296 587 
71 301 25241 
72 73 587 
72 74 587 
72 75 587 
72 77 10 
72 78 2 
72 79 5 
72 80 8 
72 107 3 
72 108 1 
72 109 2 
72 110 2 
72 301 1871 
73 74 587 
73 75 587 
73 77 2 
73 78 10 
73 79 2 
73 80 5 
73 107 1 
73 108 3 
73 109 1 
73 110 2 
73 301 1849 
74 75 587 
74 77 5 
74 78 2 
74 79 10 
74 80 2 
74 107 2 
74 108 1 
74 109 3 
74 110 1 
74 301 1849 
75 77 8 
75 78 5 
75 79 2 
75 80 10 
75 107 2 
75 108 2 
75 109 1 
75 110 3 
75 301 1871 
76 77 587 
76 78 587 
76 79 587 
76 80 587 
76 81 587 
76 86 587 
76 91 587 
76 96 587 
76 101 587 
76 106 587 
76 111 587 
76 116 587 
76 121 587 
76 126 587 
76 131 587 
76 136 587 
76 141 587 
76 146 587 
76 151 587 
76 156 587 
76 161 587 
76 166 587 
76 171 587 
76 176 587 
76 181 587 
76 186 587 
76 191 587 
76 196 587 
76 201 587 
76 206 587 
76 211 587 
76 216 587 
76 221 587 
76 226 587 
76 231 587 
76 236 587 
76 241 587 
76 246 587 
76 251 587 
76 256 587 
76 261 587 
76 266 587 
76 271 587 
76 276 587 
76 281 587 
76 286 587 
76 291 587 
76 296 587 
76 301 25241 
77 78 587 
77 79 587 
77 80 587 
77 112 3 
77 113 1 
77 114 2 
77 115 2 
77 301 1834 
78 79 587 
78 80 587 
78 112 1 
78 113 3 
78 114 1 
78 115 2 
78 301 1819 
79 80 587 
79 112 2 
79 113 1 
79 114 3 
79 115 1 
79 301 1819 
80 112 2 
80 113 2 
80 114 1 
80 115 3 
80 301 1834 
81 82 587 
81 83 587 
81 84 587 
81 85 587 
81 86 587 
81 91 587 
81 96 587 
81 101 587 
81 106 587 
81 111 587 
81 116 587 
81 121 587 
81 126 587 
81 131 587 
81 136 587 
81 141 587 
81 146 587 
81 151 587 
81 156 587 
81 161 587 
81 166 587 
81 171 587 
81 176 587 
81 181 587 
81 186 587 
81 191 587 
81 196 587 
81 201 587 
81 206 587 
81 211 587 
81 216 587 
81 221 587 
81 226 587 
81 231 587 
81 236 587 
81 241 587 
81 246 587 
81 251 587 
81 256 587 
81 261 587 
81 266 587 
81 271 587 
81 276 587 
81 281 587 
81 286 587 
81 291 587 
81 296 587 
81 301 25241 
82 83 587 
82 84 587 
82 85 587 
82 87 10 
82 88 2 
82 89 5 
82 90 8 
82 92 3 
82 93 1 
82 94 2 
82 95 2 
82 117 8 
82 118 2 
82 119 4 
82 120 6 
82 122 5 
82 123 1 
82 124 2 
82 125 4 
82 301 1834 
83 84 587 
83 85 587 
83 87 2 
83 88 10 
83 89 2 
83 90 5 
83 92 1 
83 93 3 
83 94 1 
83 95 2 
83 117 2 
83 118 8 
83 119 2 
83 120 4 
83 122 1 
83 123 5 
83 124 1 
83 125 2 
83 301 1819 
84 85 587 
84 87 5 
84 88 2 
84 89 10 
84 90 2 
84 92 2 
84 93 1 
84 94 3 
84 95 1 
84 117 4 
84 118 2 
84 119 8 
84 120 2 
84 122 2 
84 123 1 
84 124 5 
84 125 1 
84 301 1819 
85 87 8 
85 88 5 
85 89 2 
85 90 10 
85 92 2 
85 93 2 
85 94 1 
85 95 3 
85 117 6 
85 118 4 
85 119 2 
85 120 8 
85 122 4 
85 123 2 
85 124 1 
85 125 5 
85 301 1834 
86 87 587 
86 88 587 
86 89 587 
86 90 587 
86 91 587 
86 96 587 
86 101 587 
86 106 587 
86 111 587 
86 116 587 
86 121 587 
86 126 587 
86 131 587 
86 136 587 
86 141 587 
86 146 587 
86 151 587 
86 156 587 
86 161 587 
86 166 587 
86 171 587 
86 176 587 
86 181 587 
86 186 587 
86 191 587 
86 196 587 
86 201 587 
86 206 587 
86 211 587 
86 216 587 
86 221 587 
86 226 587 
86 231 587 
86 236 587 
86 241 587 
86 246 587 
86 251 587 
86 256 587 
86 261 587 
86 266 587 
86 271 587 
86 276 587 
86 281 587 
86 286 587 
86 291 587 
86 296 587 
86 301 25241 
87 88 587 
87 89 587 
87 90 587 
87 92 10 
87 93 2 
87 94 5 
87 95 8 
87 97 3 
87 98 1 
87 99 2 
87 100 2 
87 117 5 
87 118 1 
87 119 2 
87 120 4 
87 122 8 
87 123 2 
87 124 4 
87 125 6 
87 127 5 
87 128 1 
87 129 2 
87 130 4 
87 301 1871 
88 89 587 
88 90 587 
88 92 2 
88 93 10 
88 94 2 
88 95 5 
88 97 1 
88 98 3 
88 99 1 
88 100 2 
88 117 1 
88 118 5 
88 119 1 
88 120 2 
88 122 2 
88 123 8 
88 124 2 
88 125 4 
88 127 1 
88 128 5 
88 129 1 
88 130 2 
88 301 1849 
89 90 587 
89 92 5 
89 93 2 
89 94 10 
89 95 2 
89 97 2 
89 98 1 
89 99 3 
89 100 1 
89 117 2 
89 118 1 
89 119 5 
89 120 1 
89 122 4 
89 123 2 
89 124 8 
89 125 2 
89 127 2 
89 128 1 
89 129 5 
89 130 1 
89 301 1849 
90 92 8 
90 93 5 
90 94 2 
90 95 10 
90 97 2 
90 98 2 
90 99 1 
90 100 3 
90 117 4 
90 118 2 
90 119 1 
90 120 5 
90 122 6 
90 123 4 
90 124 2 
90 125 8 
90 127 4 
90 128 2 
90 129 1 
90 130 5 
90 301 1871 
91 92 587 
91 93 587 
91 94 587 
91 95 587 
91 96 587 
91 101 587 
91 106 587 
91 111 587 
91 116 587 
91 121 587 
91 126 587 
91 131 587 
91 136 587 
91 141 587 
91 146 587 
91 151 587 
91 156 587 
91 161 587 
91 166 587 
91 171 587 
91 176 587 
91 181 587 
91 186 587 
91 191 587 
91 196 587 
91 201 587 
91 206 587 
91 211 587 
91 216 587 
91 221 587 
91 226 587 
91 231 587 
91 236 587 
91 241 587 
91 246 587 
91 251 587 
91 256 587 
91 261 587 
91 266 587 
91 271 587 
91 276 587 
91 281 587 
91 286 587 
91 291 587 
91 296 587 
91 301 25241 
92 93 587 
92 94 587 
92 95 587 
92 97 10 
92 98 2 
92 99 5 
92 100 8 
92 102 3 
92 103 1 
92 104 2 
92 105 2 
92 122 5 
92 123 1 
92 124 2 
92 125 4 
92 127 8 
92 128 2 
92 129 4 
92 130 6 
92 132 5 
92 133 1 
92 134 2 
92 135 4 
92 301 1878 
93 94 587 
93 95 587 
93 97 2 
93 98 10 
93 99 2 
93 100 5 
93 102 1 
93 103 3 
93 104 1 
93 105 2 
93 122 1 
93 123 5 
93 124 1 
93 125 2 
93 127 2 
93 128 8 
93 129 2 
93 130 4 
93 132 1 
93 133 5 
93 134 1 
93 135 2 
93 301 1855 
94 95 587 
94 97 5 
94 98 2 
94 99 10 
94 100 2 
94 102 2 
94 103 1 
94 104 3 
94 105 1 
94 122 2 
94 123 1 
94 124 5 
94 125 1 
94 127 4 
94 128 2 
94 129 8 
94 130 2 
94 132 2 
94 133 1 
94 134 5 
94 135 1 
94 301 1855 
95 97 8 
95 98 5 
95 99 2 
95 100 10 
95 102 2 
95 103 2 
95 104 1 
95 105 3 
95 122 4 
95 123 2 
95 124 1 
95 125 5 
95 127 6 
95 128 4 
95 129 2 
95 130 8 
95 132 4 
95 133 2 
95 134 1 
95 135 5 
95 301 1878 
96 97 587 
96 98 587 
96 99 587 
96 100 587 
96 101 587 
96 106 587 
96 111 587 
96 116 587 
96 121 587 
96 126 587 
96 131 587 
96 136 587 
96 141 587 
96 146 587 
96 151 587 
96 156 587 
96 161 587 
96 166 587 
96 171 587 
96 176 587 
96 181 587 
96 186 587 
96 191 587 
96 196 587 
96 201 587 
96 206 587 
96 211 587 
96 216 587 
96 221 587 
96 226 587 
96 231 587 
96 236 587 
96 241 587 
96 246 587 
96 251 587 
96 256 587 
96 261 587 
96 266 587 
96 271 587 
96 276 587 
96 281 587 
96 286 587 
96 291 587 
96 296 587 
96 301 25241 
97 98 587 
97 99 587 
97 100 587 
97 102 10 
97 103 2 
97 104 5 
97 105 8 
97 127 5 
97 128 1 
97 129 2 
97 130 4 
97 132 8 
97 133 2 
97 134 4 
97 135 6 
97 137 5 
97 138 1 
97 139 2 
97 140 4 
97 301 1871 
98 99 587 
98 100 587 
98 102 2 
98 103 10 
98 104 2 
98 105 5 
98 127 1 
98 128 5 
98 129 1 
98 130 2 
98 132 2 
98 133 8 
98 134 2 
98 135 4 
98 137 1 
98 138 5 
98 139 1 
98 140 2 
98 301 1849 
99 100 587 
99 102 5 
99 103 2 
99 104 10 
99 105 2 
99 127 2 
99 128 1 
99 129 5 
99 130 1 
99 132 4 
99 133 2 
99 134 8 
99 135 2 
99 137 2 
99 138 1 
99 139 5 
99 140 1 
99 301 1849 
100 102 8 
100 103 5 
100 104 2 
100 105 10 
100 127 4 
100 128 2 
100 129 1 
100 130 5 
100 132 6 
100 133 4 
100 134 2 
100 135 8 
100 137 4 
100 138 2 
100 139 1 
100 140 5 
100 301 1871 
101 102 587 
101 103 587 
101 104 587 
101 105 587 
101 106 587 
101 111 587 
101 116 587 
101 121 587 
101 126 587 
101 131 587 
101 136 587 
101 141 587 
101 146 587 
101 151 587 
101 156 587 
101 161 587 
101 166 587 
101 171 587 
101 176 587 
101 181 587 
101 186 587 
101 191 587 
101 196 587 
101 201 587 
101 206 587 
101 211 587 
101 216 587 
101 221 587 
101 226 587 
101 231 587 
101 236 587 
101 241 587 
101 246 587 
101 251 587 
101 256 587 
101 261 587 
101 266 587 
101 271 587 
101 276 587 
101 281 587 
101 286 587 
101 291 587 
101 296 587 
101 301 25241 
102 103 587 
102 104 587 
102 105 587 
102 107 3 
102 108 1 
102 109 2 
102 110 2 
102 132 5 
102 133 1 
102 134 2 
102 135 4 
102 137 8 
102 138 2 
102 139 4 
102 140 6 
102 301 1841 
103 104 587 
103 105 587 
103 107 1 
103 108 3 
103 109 1 
103 110 2 
103 132 1 
103 133 5 
103 134 1 
103 135 2 
103 137 2 
103 138 8 
103 139 2 
103 140 4 
103 301 1825 
104 105 587 
104 107 2 
104 108 1 
104 109 3 
104 110 1 
104 132 2 
104 133 1 
104 134 5 
104 135 1 
104 137 4 
104 138 2 
104 139 8 
104 140 2 
104 301 1825 
105 107 2 
105 108 2 
105 109 1 
105 110 3 
105 132 4 
105 133 2 
105 134 1 
105 135 5 
105 137 6 
105 138 4 
105 139 2 
105 140 8 
105 301 1841 
106 107 587 
106 108 587 
106 109 587 
106 110 587 
106 111 587 
106 116 587 
106 121 587 
106 126 587 
106 131 587 
106 136 587 
106 141 587 
106 146 587 
106 151 587 
106 156 587 
106 161 587 
106 166 587 
106 171 587 
106 176 587 
106 181 587 
106 186 587 
106 191 587 
106 196 587 
106 201 587 
106 206 587 
106 211 587 
106 216 587 
106 221 587 
106 226 587 
106 231 587 
106 236 587 
106 241 587 
106 246 587 
106 251 587 
106 256 587 
106 261 587 
106 266 587 
106 271 587 
106 276 587 
106 281 587 
106 286 587 
106 291 587 
106 296 587 
106 301 25241 
107 108 587 
107 109 587 
107 110 587 
107 112 10 
107 113 2 
107 114 5 
107 115 8 
107 142 8 
107 143 2 
107 144 4 
107 145 6 
107 147 5 
107 148 1 
107 149 2 
107 150 4 
107 301 1834 
108 109 587 
108 110 587 
108 112 2 
108 113 10 
108 114 2 
108 115 5 
108 142 2 
108 143 8 
108 144 2 
108 145 4 
108 147 1 
108 148 5 
108 149 1 
108 150 2 
108 301 1819 
109 110 587 
109 112 5 
109 113 2 
109 114 10 
109 115 2 
109 142 4 
109 143 2 
109 144 8 
109 145 2 
109 147 2 
109 148 1 
109 149 5 
109 150 1 
109 301 1819 
110 112 8 
110 113 5 
110 114 2 
110 115 10 
110 142 6 
110 143 4 
110 144 2 
110 145 8 
110 147 4 
110 148 2 
110 149 1 
110 150 5 
110 301 1834 
111 112 587 
111 113 587 
111 114 587 
111 115 587 
111 116 587 
111 121 587 
111 126 587 
111 131 587 
111 136 587 
111 141 587 
111 146 587 
111 151 587 
111 156 587 
111 161 587 
111 166 587 
111 171 587 
111 176 587 
111 181 587 
111 186 587 
111 191 587 
111 196 587 
111 201 587 
111 206 587 
111 211 587 
111 216 587 
111 221 587 
111 226 587 
111 231 587 
111 236 587 
111 241 587 
111 246 587 
111 251 587 
111 256 587 
111 261 587 
111 266 587 
111 271 587 
111 276 587 
111 281 587 
111 286 587 
111 291 587 
111 296 587 
111 301 25241 
112 113 587 
112 114 587 
112 115 587 
112 142 5 
112 143 1 
112 144 2 
112 145 4 
112 147 8 
112 148 2 
112 149 4 
112 150 6 
112 301 1826 
113 114 587 
113 115 587 
113 142 1 
113 143 5 
113 144 1 
113 145 2 
113 147 2 
113 148 8 
113 149 2 
113 150 4 
113 301 1813 
114 115 587 
114 142 2 
114 143 1 
114 144 5 
114 145 1 
114 147 4 
114 148 2 
114 149 8 
114 150 2 
114 301 1813 
115 142 4 
115 143 2 
115 144 1 
115 145 5 
115 147 6 
115 148 4 
115 149 2 
115 150 8 
115 301 1826 
116 117 587 
116 118 587 
116 119 587 
116 120 587 
116 121 587 
116 126 587 
116 131 587 
116 136 587 
116 141 587 
116 146 587 
116 151 587 
116 156 587 
116 161 587 
116 166 587 
116 171 587 
116 176 587 
116 181 587 
116 186 587 
116 191 587 
116 196 587 
116 201 587 
116 206 587 
116 211 587 
116 216 587 
116 221 587 
116 226 587 
116 231 587 
116 236 587 
116 241 587 
116 246 587 
116 251 587 
116 256 587 
116 261 587 
116 266 587 
116 271 587 
116 276 587 
116 281 587 
116 286 587 
116 291 587 
116 296 587 
116 301 25241 
117 118 587 
117 119 587 
117 120 587 
117 122 10 
117 123 2 
117 124 5 
117 125 8 
117 127 3 
117 128 1 
117 129 2 
117 130 2 
117 152 3 
117 153 1 
117 154 2 
117 155 2 
117 301 1834 
118 119 587 
118 120 587 
118 122 2 
118 123 10 
118 124 2 
118 125 5 
118 127 1 
118 128 3 
118 129 1 
118 130 2 
118 152 1 
118 153 3 
118 154 1 
118 155 2 
118 301 1819 
119 120 587 
119 122 5 
119 123 2 
119 124 10 
119 125 2 
119 127 2 
119 128 1 
119 129 3 
119 130 1 
119 152 2 
119 153 1 
119 154 3 
119 155 1 
119 301 1819 
120 122 8 
120 123 5 
120 124 2 
120 125 10 
120 127 2 
120 128 2 
120 129 1 
120 130 3 
120 152 2 
120 153 2 
120 154 1 
120 155 3 
120 301 1834 
121 122 587 
121 123 587 
121 124 587 
121 125 587 
121 126 587 
121 131 587 
121 136 587 
121 141 587 
121 146 587 
121 151 587 
121 156 587 
121 161 587 
121 166 587 
121 171 587 
121 176 587 
121 181 587 
121 186 587 
121 191 587 
121 196 587 
121 201 587 
121 206 587 
121 211 587 
121 216 587 
121 221 587 
121 226 587 
121 231 587 
121 236 587 
121 241 587 
121 246 587 
121 251 587 
121 256 587 
121 261 587 
121 266 587 
121 271 587 
121 276 587 
121 281 587 
121 286 587 
121 291 587 
121 296 587 
121 301 25241 
122 123 587 
122 124 587 
122 125 587 
122 127 10 
122 128 2 
122 129 5 
122 130 8 
122 132 3 
122 133 1 
122 134 2 
122 135 2 
122 157 3 
122 158 1 
122 159 2 
122 160 2 
122 301 1871 
123 124 587 
123 125 587 
123 127 2 
123 128 10 
123 129 2 
123 130 5 
123 132 1 
123 133 3 
123 134 1 
123 135 2 
123 157 1 
123 158 3 
123 159 1 
123 160 2 
123 301 1849 
124 125 587 
124 127 5 
124 128 2 
124 129 10 
124 130 2 
124 132 2 
124 133 1 
124 134 3 
124 135 1 
124 157 2 
124 158 1 
124 159 3 
124 160 1 
124 301 1849 
125 127 8 
125 128 5 
125 129 2 
125 130 10 
125 132 2 
125 133 2 
125 134 1 
125 135 3 
125 157 2 
125 158 2 
125 159 1 
125 160 3 
125 301 1871 
126 127 587 
126 128 587 
126 129 587 
126 130 587 
126 131 587 
126 136 587 
126 141 587 
126 146 587 
126 151 587 
126 156 587 
126 161 587 
126 166 587 
126 171 587 
126 176 587 
126 181 587 
126 186 587 
126 191 587 
126 196 587 
126 201 587 
126 206 587 
126 211 587 
126 216 587 
126 221 587 
126 226 587 
126 231 587 
126 236 587 
126 241 587 
126 246 587 
126 251 587 
126 256 587 
126 261 587 
126 266 587 
126 271 587 
126 276 587 
126 281 587 
126 286 587 
126 291 587 
126 296 587 
126 301 25241 
127 128 587 
127 129 587 
127 130 587 
127 132 10 
127 133 2 
127 134 5 
127 135 8 
127 137 3 
127 138 1 
127 139 2 
127 140 2 
127 162 3 
127 163 1 
127 164 2 
127 165 2 
127 301 1878 
128 129 587 
128 130 587 
128 132 2 
128 133 10 
128 134 2 
128 135 5 
128 137 1 
128 138 3 
128 139 1 
128 140 2 
128 162 1 
128 163 3 
128 164 1 
128 165 2 
128 301 1855 
129 130 587 
129 132 5 
129 133 2 
129 134 10 
129 135 2 
129 137 2 
129 138 1 
129 139 3 
129 140 1 
129 162 2 
129 163 1 
129 164 3 
129 165 1 
129 301 1855 
130 132 8 
130 133 5 
130 134 2 
130 135 10 
130 137 2 
130 138 2 
130 139 1 
130 140 3 
130 162 2 
130 163 2 
130 164 1 
130 165 3 
130 301 1878 
131 132 587 
131 133 587 
131 134 587 
131 135 587 
131 136 587 
131 141 587 
131 146 587 
131 151 587 
131 156 587 
131 161 587 
131 166 587 
131 171 587 
131 176 587 
131 181 587 
131 186 587 
131 191 587 
131 196 587 
131 201 587 
131 206 587 
131 211 587 
131 216 587 
131 221 587 
131 226 587 
131 231 587 
131 236 587 
131 241 587 
131 246 587 
131 251 587 
131 256 587 
131 261 587 
131 266 587 
131 271 587 
131 276 587 
131 281 587 
131 286 587 
131 291 587 
131 296 587 
131 301 25241 
132 133 587 
132 134 587 
132 135 587 
132 137 10 
132 138 2 
132 139 5 
132 140 8 
132 167 3 
132 168 1 
132 169 2 
132 170 2 
132 301 1871 
133 134 587 
133 135 587 
133 137 2 
133 138 10 
133 139 2 
133 140 5 
133 167 1 
133 168 3 
133 169 1 
133 170 2 
133 301 1849 
134 135 587 
134 137 5 
134 138 2 
134 139 10 
134 140 2 
134 167 2 
134 168 1 
134 169 3 
134 170 1 
134 301 1849 
135 137 8 
135 138 5 
135 139 2 
135 140 10 
135 167 2 
135 168 2 
135 169 1 
135 170 3 
135 301 1871 
136 137 587 
136 138 587 
136 139 587 
136 140 587 
136 141 587 
136 146 587 
136 151 587 
136 156 587 
136 161 587 
136 166 587 
136 171 587 
136 176 587 
136 181 587 
136 186 587 
136 191 587 
136 196 587 
136 201 587 
136 206 587 
136 211 587 
136 216 587 
136 221 587 
136 226 587 
136 231 587 
136 236 587 
136 241 587 
136 246 587 
136 251 587 
136 256 587 
136 261 587 
136 266 587 
136 271 587 
136 276 587 
136 281 587 
136 286 587 
136 291 587 
136 296 587 
136 301 25241 
137 138 587 
137 139 587 
137 140 587 
137 142 3 
137 143 1 
137 144 2 
137 145 2 
137 172 3 
137 173 1 
137 174 2 
137 175 2 
137 301 1841 
138 139 587 
138 140 587 
138 142 1 
138 143 3 
138 144 1 
138 145 2 
138 172 1 
138 173 3 
138 174 1 
138 175 2 
138 301 1825 
139 140 587 
139 142 2 
139 143 1 
139 144 3 
139 145 1 
139 172 2 
139 173 1 
139 174 3 
139 175 1 
139 301 1825 
140 142 2 
140 143 2 
140 144 1 
140 145 3 
140 172 2 
140 173 2 
140 174 1 
140 175 3 
140 301 1841 
141 142 587 
141 143 587 
141 144 587 
141 145 587 
141 146 587 
141 151 587 
141 156 587 
141 161 587 
141 166 587 
141 171 587 
141 176 587 
141 181 587 
141 186 587 
141 191 587 
141 196 587 
141 201 587 
141 206 587 
141 211 587 
141 216 587 
141 221 587 
141 226 587 
141 231 587 
141 236 587 
141 241 587 
141 246 587 
141 251 587 
141 256 587 
141 261 587 
141 266 587 
141 271 587 
141 276 587 
141 281 587 
141 286 587 
141 291 587 
141 296 587 
141 301 25241 
142 143 587 
142 144 587 
142 145 587 
142 147 10 
142 148 2 
142 149 5 
142 150 8 
142 182 3 
142 183 1 
142 184 2 
142 185 2 
142 301 1834 
143 144 587 
143 145 587 
143 147 2 
143 148 10 
143 149 2 
143 150 5 
143 182 1 
143 183 3 
143 184 1 
143 185 2 
143 301 1819 
144 145 587 
144 147 5 
144 148 2 
144 149 10 
144 150 2 
144 182 2 
144 183 1 
144 184 3 
144 185 1 
144 301 1819 
145 147 8 
145 148 5 
145 149 2 
145 150 10 
145 182 2 
145 183 2 
145 184 1 
145 185 3 
145 301 1834 
146 147 587 
146 148 587 
146 149 587 
146 150 587 
146 151 587 
146 156 587 
146 161 587 
146 166 587 
146 171 587 
146 176 587 
146 181 587 
146 186 587 
146 191 587 
146 196 587 
146 201 587 
146 206 587 
146 211 587 
146 216 587 
146 221 587 
146 226 587 
146 231 587 
146 236 587 
146 241 587 
146 246 587 
146 251 587 
146 256 587 
146 261 587 
146 266 587 
146 271 587 
146 276 587 
146 281 587 
146 286 587 
146 291 587 
146 296 587 
146 301 25241 
147 148 587 
147 149 587 
147 150 587 
147 187 3 
147 188 1 
147 189 2 
147 190 2 
147 301 1826 
148 149 587 
148 150 587 
148 187 1 
148 188 3 
148 189 1 
148 190 2 
148 301 1813 
149 150 587 
149 187 2 
149 188 1 
149 189 3 
149 190 1 
149 301 1813 
150 187 2 
150 188 2 
150 189 1 
150 190 3 
150 301 1826 
151 152 587 
151 153 587 
151 154 587 
151 155 587 
151 156 587 
151 161 587 
151 166 587 
151 171 587 
151 176 587 
151 181 587 
151 186 587 
151 191 587 
151 196 587 
151 201 587 
151 206 587 
151 211 587 
151 216 587 
151 221 587 
151 226 587 
151 231 587 
151 236 587 
151 241 587 
151 246 587 
151 251 587 
151 256 587 
151 261 587 
151 266 587 
151 271 587 
151 276 587 
151 281 587 
151 286 587 
151 291 587 
151 296 587 
151 301 25241 
152 153 587 
152 154 587 
152 155 587 
152 157 10 
152 158 2 
152 159 5 
152 160 8 
152 162 3 
152 163 1 
152 164 2 
152 165 2 
152 192 8 
152 193 2 
152 194 4 
152 195 6 
152 197 5 
152 198 1 
152 199 2 
152 200 4 
152 301 1834 
153 154 587 
153 155 587 
153 157 2 
153 158 10 
153 159 2 
153 160 5 
153 162 1 
153 163 3 
153 164 1 
153 165 2 
153 192 2 
153 193 8 
153 194 2 
153 195 4 
153 197 1 
153 198 5 
153 199 1 
153 200 2 
153 301 1819 
154 155 587 
154 157 5 
154 158 2 
154 159 10 
154 160 2 
154 162 2 
154 163 1 
154 164 3 
154 165 1 
154 192 4 
154 193 2 
154 194 8 
154 195 2 
154 197 2 
154 198 1 
154 199 5 
154 200 1 
154 301 1819 
155 157 8 
155 158 5 
155 159 2 
155 160 10 
155 162 2 
155 163 2 
155 164 1 
155 165 3 
155 192 6 
155 193 4 
155 194 2 
155 195 8 
155 197 4 
155 198 2 
155 199 1 
155 200 5 
155 301 1834 
156 157 587 
156 158 587 
156 159 587 
156 160 587 
156 161 587 
156 166 587 
156 171 587 
156 176 587 
156 181 587 
156 186 587 
156 191 587 
156 196 587 
156 201 587 
156 206 587 
156 211 587 
156 216 587 
156 221 587 
156 226 587 
156 231 587 
156 236 587 
156 241 587 
156 246 587 
156 251 587 
156 256 587 
156 261 587 
156 266 587 
156 271 587 
156 276 587 
156 281 587 
156 286 587 
156 291 587 
156 296 587 
156 301 25241 
157 158 587 
157 159 587 
157 160 587 
157 162 10 
157 163 2 
157 164 5 
157 165 8 
157 167 3 
157 168 1 
157 169 2 
157 170 2 
157 192 5 
157 193 1 
157 194 2 
157 195 4 
157 197 8 
157 198 2 
157 199 4 
157 200 6 
157 202 5 
157 203 1 
157 204 2 
157 205 4 
157 301 1871 
158 159 587 
158 160 587 
158 162 2 
158 163 10 
158 164 2 
158 165 5 
158 167 1 
158 168 3 
158 169 1 
158 170 2 
158 192 1 
158 193 5 
158 194 1 
158 195 2 
158 197 2 
158 198 8 
158 199 2 
158 200 4 
158 202 1 
158 203 5 
158 204 1 
158 205 2 
158 301 1849 
159 160 587 
159 162 5 
159 163 2 
159 164 10 
159 165 2 
159 167 2 
159 168 1 
159 169 3 
159 170 1 
159 192 2 
159 193 1 
159 194 5 
159 195 1 
159 197 4 
159 198 2 
159 199 8 
159 200 2 
159 202 2 
159 203 1 
159 204 5 
159 205 1 
159 301 1849 
160 162 8 
160 163 5 
160 164 2 
160 165 10 
160 167 2 
160 168 2 
160 169 1 
160 170 3 
160 192 4 
160 193 2 
160 194 1 
160 195 5 
160 197 6 
160 198 4 
160 199 2 
160 200 8 
160 202 4 
160 203 2 
160 204 1 
160 205 5 
160 301 1871 
161 162 587 
161 163 587 
161 164 587 
161 165 587 
161 166 587 
161 171 587 
161 176 587 
161 181 587 
161 186 587 
161 191 587 
161 196 587 
161 201 587 
161 206 587 
161 211 587 
161 216 587 
161 221 587 
161 226 587 
161 231 587 
161 236 587 
161 241 587 
161 246 587 
161 251 587 
161 256 587 
161 261 587 
161 266 587 
161 271 587 
161 276 587 
161 281 587 
161 286 587 
161 291 587 
161 296 587 
161 301 25241 
162 163 587 
162 164 587 
162 165 587 
162 167 10 
162 168 2 
162 169 5 
162 170 8 
162 172 3 
162 173 1 
162 174 2 
162 175 2 
162 197 5 
162 198 1 
162 199 2 
162 200 4 
162 202 8 
162 203 2 
162 204 4 
162 205 6 
162 207 5 
162 208 1 
162 209 2 
162 210 4 
162 301 1878 
163 164 587 
163 165 587 
163 167 2 
163 168 10 
163 169 2 
163 170 5 
163 172 1 
163 173 3 
163 174 1 
163 175 2 
163 197 1 
163 198 5 
163 199 1 
163 200 2 
163 202 2 
163 203 8 
163 204 2 
163 205 4 
163 207 1 
163 208 5 
163 209 1 
163 210 2 
163 301 1855 
164 165 587 
164 167 5 
164 168 2 
164 169 10 
164 170 2 
164 172 2 
164 173 1 
164 174 3 
164 175 1 
164 197 2 
164 198 1 
164 199 5 
164 200 1 
164 202 4 
164 203 2 
164 204 8 
164 205 2 
164 207 2 
164 208 1 
164 209 5 
164 210 1 
164 301 1855 
165 167 8 
165 168 5 
165 169 2 
165 170 10 
165 172 2 
165 173 2 
165 174 1 
165 175 3 
165 197 4 
165 198 2 
165 199 1 
165 200 5 
165 202 6 
165 203 4 
165 204 2 
165 205 8 
165 207 4 
165 208 2 
165 209 1 
165 210 5 
165 301 1878 
166 167 587 
166 168 587 
166 169 587 
166 170 587 
166 171 587 
166 176 587 
166 181 587 
166 186 587 
166 191 587 
166 196 587 
166 201 587 
166 206 587 
166 211 587 
166 216 587 
166 221 587 
166 226 587 
166 231 587 
166 236 587 
166 241 587 
166 246 587 
166 251 587 
166 256 587 
166 261 587 
166 266 587 
166 271 587 
166 276 587 
166 281 587 
166 286 587 
166 291 587 
166 296 587 
166 301 25241 
167 168 587 
167 169 587 
167 170 587 
167 172 10 
167 173 2 
167 174 5 
167 175 8 
167 177 3 
167 178 1 
167 179 2 
167 180 2 
167 202 5 
167 203 1 
167 204 2 
167 205 4 
167 207 8 
167 208 2 
167 209 4 
167 210 6 
167 212 5 
167 213 1 
167 214 2 
167 215 4 
167 301 1878 
168 169 587 
168 170 587 
168 172 2 
168 173 10 
168 174 2 
168 175 5 
168 177 1 
168 178 3 
168 179 1 
168 180 2 
168 202 1 
168 203 5 
168 204 1 
168 205 2 
168 207 2 
168 208 8 
168 209 2 
168 210 4 
168 212 1 
168 213 5 
168 214 1 
168 215 2 
168 301 1855 
169 170 587 
169 172 5 
169 173 2 
169 174 10 
169 175 2 
169 177 2 
169 178 1 
169 179 3 
169 180 1 
169 202 2 
169 203 1 
169 204 5 
169 205 1 
169 207 4 
169 208 2 
169 209 8 
169 210 2 
169 212 2 
169 213 1 
169 214 5 
169 215 1 
169 301 1855 
170 172 8 
170 173 5 
170 174 2 
170 175 10 
170 177 2 
170 178 2 
170 179 1 
170 180 3 
170 202 4 
170 203 2 
170 204 1 
170 205 5 
170 207 6 
170 208 4 
170 209 2 
170 210 8 
170 212 4 
170 213 2 
170 214 1 
170 215 5 
170 301 1878 
171 172 587 
171 173 587 
171 174 587 
171 175 587 
171 176 587 
171 181 587 
171 186 587 
171 191 587 
171 196 587 
171 201 587 
171 206 587 
171 211 587 
171 216 587 
171 221 587 
171 226 587 
171 231 587 
171 236 587 
171 241 587 
171 246 587 
171 251 587 
171 256 587 
171 261 587 
171 266 587 
171 271 587 
171 276 587 
171 281 587 
171 286 587 
171 291 587 
171 296 587 
171 301 25241 
172 173 587 
172 174 587 
172 175 587 
172 177 10 
172 178 2 
172 179 5 
172 180 8 
172 182 3 
172 183 1 
172 184 2 
172 185 2 
172 207 5 
172 208 1 
172 209 2 
172 210 4 
172 212 8 
172 213 2 
172 214 4 
172 215 6 
172 217 5 
172 218 1 
172 219 2 
172 220 4 
172 301 1878 
173 174 587 
173 175 587 
173 177 2 
173 178 10 
173 179 2 
173 180 5 
173 182 1 
173 183 3 
173 184 1 
173 185 2 
173 207 1 
173 208 5 
173 209 1 
173 210 2 
173 212 2 
173 213 8 
173 214 2 
173 215 4 
173 217 1 
173 218 5 
173 219 1 
173 220 2 
173 301 1855 
174 175 587 
174 177 5 
174 178 2 
174 179 10 
174 180 2 
174 182 2 
174 183 1 
174 184 3 
174 185 1 
174 207 2 
174 208 1 
174 209 5 
174 210 1 
174 212 4 
174 213 2 
174 214 8 
174 215 2 
174 217 2 
174 218 1 
174 219 5 
174 220 1 
174 301 1855 
175 177 8 
175 178 5 
175 179 2 
175 180 10 
175 182 2 
175 183 2 
175 184 1 
175 185 3 
175 207 4 
175 208 2 
175 209 1 
175 210 5 
175 212 6 
175 213 4 
175 214 2 
175 215 8 
175 217 4 
175 218 2 
175 219 1 
175 220 5 
175 301 1878 
176 177 587 
176 178 587 
176 179 587 
176 180 587 
176 181 587 
176 186 587 
176 191 587 
176 196 587 
176 201 587 
176 206 587 
176 211 587 
176 216 587 
176 221 587 
176 226 587 
176 231 587 
176 236 587 
176 241 587 
176 246 587 
176 251 587 
176 256 587 
176 261 587 
176 266 587 
176 271 587 
176 276 587 
176 281 587 
176 286 587 
176 291 587 
176 296 587 
176 301 25241 
177 178 587 
177 179 587 
177 180 587 
177 182 10 
177 183 2 
177 184 5 
177 185 8 
177 187 3 
177 188 1 
177 189 2 
177 190 2 
177 212 5 
177 213 1 
177 214 2 
177 215 4 
177 217 8 
177 218 2 
177 219 4 
177 220 6 
177 222 5 
177 223 1 
177 224 2 
177 225 4 
177 301 1871 
178 179 587 
178 180 587 
178 182 2 
178 183 10 
178 184 2 
178 185 5 
178 187 1 
178 188 3 
178 189 1 
178 190 2 
178 212 1 
178 213 5 
178 214 1 
178 215 2 
178 217 2 
178 218 8 
178 219 2 
178 220 4 
178 222 1 
178 223 5 
178 224 1 
178 225 2 
178 301 1849 
179 180 587 
179 182 5 
179 183 2 
179 184 10 
179 185 2 
179 187 2 
179 188 1 
179 189 3 
179 190 1 
179 212 2 
179 213 1 
179 214 5 
179 215 1 
179 217 4 
179 218 2 
179 219 8 
179 220 2 
179 222 2 
179 223 1 
179 224 5 
179 225 1 
179 301 1849 
180 182 8 
180 183 5 
180 184 2 
180 185 10 
180 187 2 
180 188 2 
180 189 1 
180 190 3 
180 212 4 
180 213 2 
180 214 1 
180 215 5 
180 217 6 
180 218 4 
180 219 2 
180 220 8 
180 222 4 
180 223 2 
180 224 1 
180 225 5 
180 301 1871 
181 182 587 
181 183 587 
181 184 587 
181 185 587 
181 186 587 
181 191 587 
181 196 587 
181 201 587 
181 206 587 
181 211 587 
181 216 587 
181 221 587 
181 226 587 
181 231 587 
181 236 587 
181 241 587 
181 246 587 
181 251 587 
181 256 587 
181 261 587 
181 266 587 
181 271 587 
181 276 587 
181 281 587 
181 286 587 
181 291 587 
181 296 587 
181 301 25241 
182 183 587 
182 184 587 
182 185 587 
182 187 10 
182 188 2 
182 189 5 
182 190 8 
182 217 5 
182 218 1 
182 219 2 
182 220 4 
182 222 8 
182 223 2 
182 224 4 
182 225 6 
182 227 5 
182 228 1 
182 229 2 
182 230 4 
182 301 1871 
183 184 587 
183 185 587 
183 187 2 
183 188 10 
183 189 2 
183 190 5 
183 217 1 
183 218 5 
183 219 1 
183 220 2 
183 222 2 
183 223 8 
183 224 2 
183 225 4 
183 227 1 
183 228 5 
183 229 1 
183 230 2 
183 301 1849 
184 185 587 
184 187 5 
184 188 2 
184 189 10 
184 190 2 
184 217 2 
184 218 1 
184 219 5 
184 220 1 
184 222 4 
184 223 2 
184 224 8 
184 225 2 
184 227 2 
184 228 1 
184 229 5 
184 230 1 
184 301 1849 
185 187 8 
185 188 5 
185 189 2 
185 190 10 
185 217 4 
185 218 2 
185 219 1 
185 220 5 
185 222 6 
185 223 4 
185 224 2 
185 225 8 
185 227 4 
185 228 2 
185 229 1 
185 230 5 
185 301 1871 
186 187 587 
186 188 587 
186 189 587 
186 190 587 
186 191 587 
186 196 587 
186 201 587 
186 206 587 
186 211 587 
186 216 587 
186 221 587 
186 226 587 
186 231 587 
186 236 587 
186 241 587 
186 246 587 
186 251 587 
186 256 587 
186 261 587 
186 266 587 
186 271 587 
186 276 587 
186 281 587 
186 286 587 
186 291 587 
186 296 587 
186 301 25241 
187 188 587 
187 189 587 
187 190 587 
187 222 5 
187 223 1 
187 224 2 
187 225 4 
187 227 8 
187 228 2 
187 229 4 
187 230 6 
187 301 1834 
188 189 587 
188 190 587 
188 222 1 
188 223 5 
188 224 1 
188 225 2 
188 227 2 
188 228 8 
188 229 2 
188 230 4 
188 301 1819 
189 190 587 
189 222 2 
189 223 1 
189 224 5 
189 225 1 
189 227 4 
189 228 2 
189 229 8 
189 230 2 
189 301 1819 
190 222 4 
190 223 2 
190 224 1 
190 225 5 
190 227 6 
190 228 4 
190 229 2 
190 230 8 
190 301 1834 
191 192 587 
191 193 587 
191 194 587 
191 195 587 
191 196 587 
191 201 587 
191 206 587 
191 211 587 
191 216 587 
191 221 587 
191 226 587 
191 231 587 
191 236 587 
191 241 587 
191 246 587 
191 251 587 
191 256 587 
191 261 587 
191 266 587 
191 271 587 
191 276 587 
191 281 587 
191 286 587 
191 291 587 
191 296 587 
191 301 25241 
192 193 587 
192 194 587 
192 195 587 
192 197 10 
192 198 2 
192 199 5 
192 200 8 
192 202 3 
192 203 1 
192 204 2 
192 205 2 
192 232 3 
192 233 1 
192 234 2 
192 235 2 
192 301 1834 
193 194 587 
193 195 587 
193 197 2 
193 198 10 
193 199 2 
193 200 5 
193 202 1 
193 203 3 
193 204 1 
193 205 2 
193 232 1 
193 233 3 
193 234 1 
193 235 2 
193 301 1819 
194 195 587 
194 197 5 
194 198 2 
194 199 10 
194 200 2 
194 202 2 
194 203 1 
194 204 3 
194 205 1 
194 232 2 
194 233 1 
194 234 3 
194 235 1 
194 301 1819 
195 197 8 
195 198 5 
195 199 2 
195 200 10 
195 202 2 
195 203 2 
195 204 1 
195 205 3 
195 232 2 
195 233 2 
195 234 1 
195 235 3 
195 301 1834 
196 197 587 
196 198 587 
196 199 587 
196 200 587 
196 201 587 
196 206 587 
196 211 587 
196 216 587 
196 221 587 
196 226 587 
196 231 587 
196 236 587 
196 241 587 
196 246 587 
196 251 587 
196 256 587 
196 261 587 
196 266 587 
196 271 587 
196 276 587 
196 281 587 
196 286 587 
196 291 587 
196 296 587 
196 301 25241 
197 198 587 
197 199 587 
197 200 587 
197 202 10 
197 203 2 
197 204 5 
197 205 8 
197 207 3 
197 208 1 
197 209 2 
197 210 2 
197 237 3 
197 238 1 
197 239 2 
197 240 2 
197 301 1871 
198 199 587 
198 200 587 
198 202 2 
198 203 10 
198 204 2 
198 205 5 
198 207 1 
198 208 3 
198 209 1 
198 210 2 
198 237 1 
198 238 3 
198 239 1 
198 240 2 
198 301 1849 
199 200 587 
199 202 5 
199 203 2 
199 204 10 
199 205 2 
199 207 2 
199 208 1 
199 209 3 
199 210 1 
199 237 2 
199 238 1 
199 239 3 
199 240 1 
199 301 1849 
200 202 8 
200 203 5 
200 204 2 
200 205 10 
200 207 2 
200 208 2 
200 209 1 
200 210 3 
200 237 2 
200 238 2 
200 239 1 
200 240 3 
200 301 1871 
201 202 587 
201 203 587 
201 204 587 
201 205 587 
201 206 587 
201 211 587 
201 216 587 
201 221 587 
201 226 587 
201 231 587 
201 236 587 
201 241 587 
201 246 587 
201 251 587 
201 256 587 
201 261 587 
201 266 587 
201 271 587 
201 276 587 
201 281 587 
201 286 587 
201 291 587 
201 296 587 
201 301 25241 
202 203 587 
202 204 587 
202 205 587 
202 207 10 
202 208 2 
202 209 5 
202 210 8 
202 212 3 
202 213 1 
202 214 2 
202 215 2 
202 242 3 
202 243 1 
202 244 2 
202 245 2 
202 301 1878 
203 204 587 
203 205 587 
203 207 2 
203 208 10 
203 209 2 
203 210 5 
203 212 1 
203 213 3 
203 214 1 
203 215 2 
203 242 1 
203 243 3 
203 244 1 
203 245 2 
203 301 1855 
204 205 587 
204 207 5 
204 208 2 
204 209 10 
204 210 2 
204 212 2 
204 213 1 
204 214 3 
204 215 1 
204 242 2 
204 243 1 
204 244 3 
204 245 1 
204 301 1855 
205 207 8 
205 208 5 
205 209 2 
205 210 10 
205 212 2 
205 213 2 
205 214 1 
205 215 3 
205 242 2 
205 243 2 
205 244 1 
205 245 3 
205 301 1878 
206 207 587 
206 208 587 
206 209 587 
206 210 587 
206 211 587 
206 216 587 
206 221 587 
206 226 587 
206 231 587 
206 236 587 
206 241 587 
206 246 587 
206 251 587 
206 256 587 
206 261 587 
206 266 587 
206 271 587 
206 276 587 
206 281 587 
206 286 587 
206 291 587 
206 296 587 
206 301 25241 
207 208 587 
207 209 587 
207 210 587 
207 212 10 
207 213 2 
207 214 5 
207 215 8 
207 217 3 
207 218 1 
207 219 2 
207 220 2 
207 247 3 
207 248 1 
207 249 2 
207 250 2 
207 301 1878 
208 209 587 
208 210 587 
208 212 2 
208 213 10 
208 214 2 
208 215 5 
208 217 1 
208 218 3 
208 219 1 
208 220 2 
208 247 1 
208 248 3 
208 249 1 
208 250 2 
208 301 1855 
209 210 587 
209 212 5 
209 213 2 
209 214 10 
209 215 2 
209 217 2 
209 218 1 
209 219 3 
209 220 1 
209 247 2 
209 248 1 
209 249 3 
209 250 1 
209 301 1855 
210 212 8 
210 213 5 
210 214 2 
210 215 10 
210 217 2 
210 218 2 
210 219 1 
210 220 3 
210 247 2 
210 248 2 
210 249 1 
210 250 3 
210 301 1878 
211 212 587 
211 213 587 
211 214 587 
211 215 587 
211 216 587 
211 221 587 
211 226 587 
211 231 587 
211 236 587 
211 241 587 
211 246 587 
211 251 587 
211 256 587 
211 261 587 
211 266 587 
211 271 587 
211 276 587 
211 281 587 
211 286 587 
211 291 587 
211 296 587 
211 301 25241 
212 213 587 
212 214 587 
212 215 587 
212 217 10 
212 218 2 
212 219 5 
212 220 8 
212 222 3 
212 223 1 
212 224 2 
212 225 2 
212 252 3 
212 253 1 
212 254 2 
212 255 2 
212 301 1878 
213 214 587 
213 215 587 
213 217 2 
213 218 10 
213 219 2 
213 220 5 
213 222 1 
213 223 3 
213 224 1 
213 225 2 
213 252 1 
213 253 3 
213 254 1 
213 255 2 
213 301 1855 
214 215 587 
214 217 5 
214 218 2 
214 219 10 
214 220 2 
214 222 2 
214 223 1 
214 224 3 
214 225 1 
214 252 2 
214 253 1 
214 254 3 
214 255 1 
214 301 1855 
215 217 8 
215 218 5 
215 219 2 
215 220 10 
215 222 2 
215 223 2 
215 224 1 
215 225 3 
215 252 2 
215 253 2 
215 254 1 
215 255 3 
215 301 1878 
216 217 587 
216 218 587 
216 219 587 
216 220 587 
216 221 587 
216 226 587 
216 231 587 
216 236 587 
216 241 587 
216 246 587 
216 251 587 
216 256 587 
216 261 587 
216 266 587 
216 271 587 
216 276 587 
216 281 587 
216 286 587 
216 291 587 
216 296 587 
216 301 25241 
217 218 587 
217 219 587 
217 220 587 
217 222 10 
217 223 2 
217 224 5 
217 225 8 
217 227 3 
217 228 1 
217 229 2 
217 230 2 
217 301 1871 
218 219 587 
218 220 587 
218 222 2 
218 223 10 
218 224 2 
218 225 5 
218 227 1 
218 228 3 
218 229 1 
218 230 2 
218 301 1849 
219 220 587 
219 222 5 
219 223 2 
219 224 10 
219 225 2 
219 227 2 
219 228 1 
219 229 3 
219 230 1 
219 301 1849 
220 222 8 
220 223 5 
220 224 2 
220 225 10 
220 227 2 
220 228 2 
220 229 1 
220 230 3 
220 301 1871 
221 222 587 
221 223 587 
221 224 587 
221 225 587 
221 226 587 
221 231 587 
221 236 587 
221 241 587 
221 246 587 
221 251 587 
221 256 587 
221 261 587 
221 266 587 
221 271 587 
221 276 587 
221 281 587 
221 286 587 
221 291 587 
221 296 587 
221 301 25241 
222 223 587 
222 224 587 
222 225 587 
222 227 10 
222 228 2 
222 229 5 
222 230 8 
222 257 3 
222 258 1 
222 259 2 
222 260 2 
222 301 1871 
223 224 587 
223 225 587 
223 227 2 
223 228 10 
223 229 2 
223 230 5 
223 257 1 
223 258 3 
223 259 1 
223 260 2 
223 301 1849 
224 225 587 
224 227 5 
224 228 2 
224 229 10 
224 230 2 
224 257 2 
224 258 1 
224 259 3 
224 260 1 
224 301 1849 
225 227 8 
225 228 5 
225 229 2 
225 230 10 
225 257 2 
225 258 2 
225 259 1 
225 260 3 
225 301 1871 
226 227 587 
226 228 587 
226 229 587 
226 230 587 
226 231 587 
226 236 587 
226 241 587 
226 246 587 
226 251 587 
226 256 587 
226 261 587 
226 266 587 
226 271 587 
226 276 587 
226 281 587 
226 286 587 
226 291 587 
226 296 587 
226 301 25241 
227 228 587 
227 229 587 
227 230 587 
227 262 3 
227 263 1 
227 264 2 
227 265 2 
227 301 1834 
228 229 587 
228 230 587 
228 262 1 
228 263 3 
228 264 1 
228 265 2 
228 301 1819 
229 230 587 
229 262 2 
229 263 1 
229 264 3 
229 265 1 
229 301 1819 
230 262 2 
230 263 2 
230 264 1 
230 265 3 
230 301 1834 
231 232 587 
231 233 587 
231 234 587 
231 235 587 
231 236 587 
231 241 587 
231 246 587 
231 251 587 
231 256 587 
231 261 587 
231 266 587 
231 271 587 
231 276 587 
231 281 587 
231 286 587 
231 291 587 
231 296 587 
231 301 25241 
232 233 587 
232 234 587 
232 235 587 
232 237 10 
232 238 2 
232 239 5 
232 240 8 
232 242 3 
232 243 1 
232 244 2 
232 245 2 
232 267 8 
232 268 2 
232 269 4 
232 270 6 
232 272 5 
232 273 1 
232 274 2 
232 275 4 
232 301 1834 
233 234 587 
233 235 587 
233 237 2 
233 238 10 
233 239 2 
233 240 5 
233 242 1 
233 243 3 
233 244 1 
233 245 2 
233 267 2 
233 268 8 
233 269 2 
233 270 4 
233 272 1 
233 273 5 
233 274 1 
233 275 2 
233 301 1819 
234 235 587 
234 237 5 
234 238 2 
234 239 10 
234 240 2 
234 242 2 
234 243 1 
234 244 3 
234 245 1 
234 267 4 
234 268 2 
234 269 8 
234 270 2 
234 272 2 
234 273 1 
234 274 5 
234 275 1 
234 301 1819 
235 237 8 
235 238 5 
235 239 2 
235 240 10 
235 242 2 
235 243 2 
235 244 1 
235 245 3 
235 267 6 
235 268 4 
235 269 2 
235 270 8 
235 272 4 
235 273 2 
235 274 1 
235 275 5 
235 301 1834 
236 237 587 
236 238 587 
236 239 587 
236 240 587 
236 241 587 
236 246 587 
236 251 587 
236 256 587 
236 261 587 
236 266 587 
236 271 587 
236 276 587 
236 281 587 
236 286 587 
236 291 587 
236 296 587 
236 301 25241 
237 238 587 
237 239 587 
237 240 587 
237 242 10 
237 243 2 
237 244 5 
237 245 8 
237 247 3 
237 248 1 
237 249 2 
237 250 2 
237 267 5 
237 268 1 
237 269 2 
237 270 4 
237 272 8 
237 273 2 
237 274 4 
237 275 6 
237 277 5 
237 278 1 
237 279 2 
237 280 4 
237 301 1871 
238 239 587 
238 240 587 
238 242 2 
238 243 10 
238 244 2 
238 245 5 
238 247 1 
238 248 3 
238 249 1 
238 250 2 
238 267 1 
238 268 5 
238 269 1 
238 270 2 
238 272 2 
238 273 8 
238 274 2 
238 275 4 
238 277 1 
238 278 5 
238 279 1 
238 280 2 
238 301 1849 
239 240 587 
239 242 5 
239 243 2 
239 244 10 
239 245 2 
239 247 2 
239 248 1 
239 249 3 
239 250 1 
239 267 2 
239 268 1 
239 269 5 
239 270 1 
239 272 4 
239 273 2 
239 274 8 
239 275 2 
239 277 2 
239 278 1 
239 279 5 
239 280 1 
239 301 1849 
240 242 8 
240 243 5 
240 244 2 
240 245 10 
240 247 2 
240 248 2 
240 249 1 
240 250 3 
240 267 4 
240 268 2 
240 269 1 
240 270 5 
240 272 6 
240 273 4 
240 274 2 
240 275 8 
240 277 4 
240 278 2 
240 279 1 
240 280 5 
240 301 1871 
241 242 587 
241 243 587 
241 244 587 
241 245 587 
241 246 587 
241 251 587 
241 256 587 
241 261 587 
241 266 587 
241 271 587 
241 276 587 
241 281 587 
241 286 587 
241 291 587 
241 296 587 
241 301 25241 
242 243 587 
242 244 587 
242 245 587 
242 247 10 
242 248 2 
242 249 5 
242 250 8 
242 252 3 
242 253 1 
242 254 2 
242 255 2 
242 272 5 
242 273 1 
242 274 2 
242 275 4 
242 277 8 
242 278 2 
242 279 4 
242 280 6 
242 282 5 
242 283 1 
242 284 2 
242 285 4 
242 301 1878 
243 244 587 
243 245 587 
243 247 2 
243 248 10 
243 249 2 
243 250 5 
243 252 1 
243 253 3 
243 254 1 
243 255 2 
243 272 1 
243 273 5 
243 274 1 
243 275 2 
243 277 2 
243 278 8 
243 279 2 
243 280 4 
243 282 1 
243 283 5 
243 284 1 
243 285 2 
243 301 1855 
244 245 587 
244 247 5 
244 248 2 
244 249 10 
244 250 2 
244 252 2 
244 253 1 
244 254 3 
244 255 1 
244 272 2 
244 273 1 
244 274 5 
244 275 1 
244 277 4 
244 278 2 
244 279 8 
244 280 2 
244 282 2 
244 283 1 
244 284 5 
244 285 1 
244 301 1855 
245 247 8 
245 248 5 
245 249 2 
245 250 10 
245 252 2 
245 253 2 
245 254 1 
245 255 3 
245 272 4 
245 273 2 
245 274 1 
245 275 5 
245 277 6 
245 278 4 
245 279 2 
245 280 8 
245 282 4 
245 283 2 
245 284 1 
245 285 5 
245 301 1878 
246 247 587 
246 248 587 
246 249 587 
246 250 587 
246 251 587 
246 256 587 
246 261 587 
246 266 587 
246 271 587 
246 276 587 
246 281 587 
246 286 587 
246 291 587 
246 296 587 
246 301 25241 
247 248 587 
247 249 587 
247 250 587 
247 252 10 
247 253 2 
247 254 5 
247 255 8 
247 277 5 
247 278 1 
247 279 2 
247 280 4 
247 282 8 
247 283 2 
247 284 4 
247 285 6 
247 287 5 
247 288 1 
247 289 2 
247 290 4 
247 301 1871 
248 249 587 
248 250 587 
248 252 2 
248 253 10 
248 254 2 
248 255 5 
248 277 1 
248 278 5 
248 279 1 
248 280 2 
248 282 2 
248 283 8 
248 284 2 
248 285 4 
248 287 1 
248 288 5 
248 289 1 
248 290 2 
248 301 1849 
249 250 587 
249 252 5 
249 253 2 
249 254 10 
249 255 2 
249 277 2 
249 278 1 
249 279 5 
249 280 1 
249 282 4 
249 283 2 
249 284 8 
249 285 2 
249 287 2 
249 288 1 
249 289 5 
249 290 1 
249 301 1849 
250 252 8 
250 253 5 
250 254 2 
250 255 10 
250 277 4 
250 278 2 
250 279 1 
250 280 5 
250 282 6 
250 283 4 
250 284 2 
250 285 8 
250 287 4 
250 288 2 
250 289 1 
250 290 5 
250 301 1871 
251 252 587 
251 253 587 
251 254 587 
251 255 587 
251 256 587 
251 261 587 
251 266 587 
251 271 587 
251 276 587 
251 281 587 
251 286 587 
251 291 587 
251 296 587 
251 301 25241 
252 253 587 
252 254 587 
252 255 587 
252 257 3 
252 258 1 
252 259 2 
252 260 2 
252 282 5 
252 283 1 
252 284 2 
252 285 4 
252 287 8 
252 288 2 
252 289 4 
252 290 6 
252 301 1841 
253 254 587 
253 255 587 
253 257 1 
253 258 3 
253 259 1 
253 260 2 
253 282 1 
253 283 5 
253 284 1 
253 285 2 
253 287 2 
253 288 8 
253 289 2 
253 290 4 
253 301 1825 
254 255 587 
254 257 2 
254 258 1 
254 259 3 
254 260 1 
254 282 2 
254 283 1 
254 284 5 
254 285 1 
254 287 4 
254 288 2 
254 289 8 
254 290 2 
254 301 1825 
255 257 2 
255 258 2 
255 259 1 
255 260 3 
255 282 4 
255 283 2 
255 284 1 
255 285 5 
255 287 6 
255 288 4 
255 289 2 
255 290 8 
255 301 1841 
256 257 587 
256 258 587 
256 259 587 
256 260 587 
256 261 587 
256 266 587 
256 271 587 
256 276 587 
256 281 587 
256 286 587 
256 291 587 
256 296 587 
256 301 25241 
257 258 587 
257 259 587 
257 260 587 
257 262 10 
257 263 2 
257 264 5 
257 265 8 
257 292 8 
257 293 2 
257 294 4 
257 295 6 
257 297 5 
257 298 1 
257 299 2 
257 300 4 
257 301 1834 
258 259 587 
258 260 587 
258 262 2 
258 263 10 
258 264 2 
258 265 5 
258 292 2 
258 293 8 
258 294 2 
258 295 4 
258 297 1 
258 298 5 
258 299 1 
258 300 2 
258 301 1819 
259 260 587 
259 262 5 
259 263 2 
259 264 10 
259 265 2 
259 292 4 
259 293 2 
259 294 8 
259 295 2 
259 297 2 
259 298 1 
259 299 5 
259 300 1 
259 301 1819 
260 262 8 
260 263 5 
260 264 2 
260 265 10 
260 292 6 
260 293 4 
260 294 2 
260 295 8 
260 297 4 
260 298 2 
260 299 1 
260 300 5 
260 301 1834 
261 262 587 
261 263 587 
261 264 587 
261 265 587 
261 266 587 
261 271 587 
261 276 587 
261 281 587 
261 286 587 
261 291 587 
261 296 587 
261 301 25241 
262 263 587 
262 264 587 
262 265 587 
262 292 5 
262 293 1 
262 294 2 
262 295 4 
262 297 8 
262 298 2 
262 299 4 
262 300 6 
262 301 1826 
263 264 587 
263 265 587 
263 292 1 
263 293 5 
263 294 1 
263 295 2 
263 297 2 
263 298 8 
263 299 2 
263 300 4 
263 301 1813 
264 265 587 
264 292 2 
264 293 1 
264 294 5 
264 295 1 
264 297 4 
264 298 2 
264 299 8 
264 300 2 
264 301 1813 
265 292 4 
265 293 2 
265 294 1 
265 295 5 
265 297 6 
265 298 4 
265 299 2 
265 300 8 
265 301 1826 
266 267 587 
266 268 587 
266 269 587 
266 270 587 
266 271 587 
266 276 587 
266 281 587 
266 286 587 
266 291 587 
266 296 587 
266 301 25241 
267 268 587 
267 269 587 
267 270 587 
267 272 10 
267 273 2 
267 274 5 
267 275 8 
267 277 3 
267 278 1 
267 279 2 
267 280 2 
267 301 1826 
268 269 587 
268 270 587 
268 272 2 
268 273 10 
268 274 2 
268 275 5 
268 277 1 
268 278 3 
268 279 1 
268 280 2 
268 301 1813 
269 270 587 
269 272 5 
269 273 2 
269 274 10 
269 275 2 
269 277 2 
269 278 1 
269 279 3 
269 280 1 
269 301 1813 
270 272 8 
270 273 5 
270 274 2 
270 275 10 
270 277 2 
270 278 2 
270 279 1 
270 280 3 
270 301 1826 
271 272 587 
271 273 587 
271 274 587 
271 275 587 
271 276 587 
271 281 587 
271 286 587 
271 291 587 
271 296 587 
271 301 25241 
272 273 587 
272 274 587 
272 275 587 
272 277 10 
272 278 2 
272 279 5 
272 280 8 
272 287 3 
272 288 1 
272 289 2 
272 290 2 
272 301 1864 
273 274 587 
273 275 587 
273 277 2 
273 278 10 
273 279 2 
273 280 5 
273 287 1 
273 288 3 
273 289 1 
273 290 2 
273 301 1843 
274 275 587 
274 277 5 
274 278 2 
274 279 10 
274 280 2 
274 287 2 
274 288 1 
274 289 3 
274 290 1 
274 301 1843 
275 277 8 
275 278 5 
275 279 2 
275 280 10 
275 287 2 
275 288 2 
275 289 1 
275 290 3 
275 301 1864 
276 277 587 
276 278 587 
276 279 587 
276 280 587 
276 281 587 
276 286 587 
276 291 587 
276 296 587 
276 301 25241 
277 278 587 
277 279 587 
277 280 587 
277 282 10 
277 283 2 
277 284 5 
277 285 8 
277 287 3 
277 288 1 
277 289 2 
277 290 2 
277 301 1871 
278 279 587 
278 280 587 
278 282 2 
278 283 10 
278 284 2 
278 285 5 
278 287 1 
278 288 3 
278 289 1 
278 290 2 
278 301 1849 
279 280 587 
279 282 5 
279 283 2 
279 284 10 
279 285 2 
279 287 2 
279 288 1 
279 289 3 
279 290 1 
279 301 1849 
280 282 8 
280 283 5 
280 284 2 
280 285 10 
280 287 2 
280 288 2 
280 289 1 
280 290 3 
280 301 1871 
281 282 587 
281 283 587 
281 284 587 
281 285 587 
281 286 587 
281 291 587 
281 296 587 
281 301 25241 
282 283 587 
282 284 587 
282 285 587 
282 287 10 
282 288 2 
282 289 5 
282 290 8 
282 301 1856 
283 284 587 
283 285 587 
283 287 2 
283 288 10 
283 289 2 
283 290 5 
283 301 1837 
284 285 587 
284 287 5 
284 288 2 
284 289 10 
284 290 2 
284 301 1837 
285 287 8 
285 288 5 
285 289 2 
285 290 10 
285 301 1856 
286 287 587 
286 288 587 
286 289 587 
286 290 587 
286 291 587 
286 296 587 
286 301 25241 
287 288 587 
287 289 587 
287 290 587 
287 292 3 
287 293 1 
287 294 2 
287 295 2 
287 301 1841 
288 289 587 
288 290 587 
288 292 1 
288 293 3 
288 294 1 
288 295 2 
288 301 1825 
289 290 587 
289 292 2 
289 293 1 
289 294 3 
289 295 1 
289 301 1825 
290 292 2 
290 293 2 
290 294 1 
290 295 3 
290 301 1841 
291 292 587 
291 293 587 
291 294 587 
291 295 587 
291 296 587 
291 301 25241 
292 293 587 
292 294 587 
292 295 587 
292 297 10 
292 298 2 
292 299 5 
292 300 8 
292 301 1826 
293 294 587 
293 295 587 
293 297 2 
293 298 10 
293 299 2 
293 300 5 
293 301 1813 
294 295 587 
294 297 5 
294 298 2 
294 299 10 
294 300 2 
294 301 1813 
295 297 8 
295 298 5 
295 299 2 
295 300 10 
295 301 1826 
296 297 587 
296 298 587 
296 299 587 
296 300 587 
296 301 25241 
297 298 587 
297 299 587 
297 300 587 
297 301 1818 
298 299 587 
298 300 587 
298 301 1807 
299 300 587 
299 301 1807 
300 301 1818 
