59 550
1 6 4 
1 11 4 
1 12 4 
1 13 4 
1 14 4 
1 15 4 
1 20 4 
1 25 4 
1 26 4 
1 27 4 
1 28 4 
1 29 4 
1 57 4 
1 59 51 
2 3 4 
2 4 4 
2 6 4 
2 7 4 
2 12 4 
2 14 4 
2 16 4 
2 31 4 
2 36 4 
2 38 4 
2 39 4 
2 42 4 
2 53 4 
2 59 51 
3 5 4 
3 6 4 
3 8 4 
3 12 4 
3 15 4 
3 17 4 
3 32 4 
3 37 4 
3 38 4 
3 39 4 
3 43 4 
3 54 4 
3 59 51 
4 5 4 
4 6 4 
4 9 4 
4 13 4 
4 14 4 
4 18 4 
4 33 4 
4 36 4 
4 40 4 
4 41 4 
4 42 4 
4 55 4 
4 59 51 
5 6 4 
5 10 4 
5 13 4 
5 15 4 
5 19 4 
5 34 4 
5 37 4 
5 40 4 
5 41 4 
5 43 4 
5 56 4 
5 59 51 
6 11 4 
6 12 4 
6 13 4 
6 14 4 
6 15 4 
6 20 4 
6 35 4 
6 38 4 
6 40 4 
6 42 4 
6 43 4 
6 57 4 
6 59 67 
7 8 4 
7 9 4 
7 11 4 
7 12 4 
7 14 4 
7 21 4 
7 31 4 
7 44 4 
7 46 4 
7 47 4 
7 50 4 
7 53 4 
7 59 51 
8 10 4 
8 11 4 
8 12 4 
8 15 4 
8 22 4 
8 32 4 
8 45 4 
8 46 4 
8 47 4 
8 51 4 
8 54 4 
8 59 51 
9 10 4 
9 11 4 
9 13 4 
9 14 4 
9 23 4 
9 33 4 
9 44 4 
9 48 4 
9 49 4 
9 50 4 
9 55 4 
9 59 51 
10 11 4 
10 13 4 
10 15 4 
10 24 4 
10 34 4 
10 45 4 
10 48 4 
10 49 4 
10 51 4 
10 56 4 
10 59 51 
11 12 4 
11 13 4 
11 14 4 
11 15 4 
11 25 4 
11 35 4 
11 46 4 
11 48 4 
11 50 4 
11 51 4 
11 57 4 
11 59 67 
12 13 4 
12 14 4 
12 15 4 
12 26 4 
12 38 4 
12 46 4 
12 52 4 
12 53 4 
12 54 4 
12 57 4 
12 59 67 
13 14 4 
13 15 4 
13 27 4 
13 40 4 
13 48 4 
13 52 4 
13 55 4 
13 56 4 
13 57 4 
13 59 67 
14 15 4 
14 28 4 
14 42 4 
14 50 4 
14 53 4 
14 55 4 
14 57 4 
14 58 4 
14 59 67 
15 29 4 
15 43 4 
15 51 4 
15 54 4 
15 56 4 
15 57 4 
15 58 4 
15 59 67 
16 17 4 
16 18 4 
16 20 4 
16 21 4 
16 26 4 
16 28 4 
16 31 4 
16 36 4 
16 38 4 
16 39 4 
16 42 4 
16 53 4 
16 59 51 
17 19 4 
17 20 4 
17 22 4 
17 26 4 
17 29 4 
17 32 4 
17 37 4 
17 38 4 
17 39 4 
17 43 4 
17 54 4 
17 59 51 
18 19 4 
18 20 4 
18 23 4 
18 27 4 
18 28 4 
18 33 4 
18 36 4 
18 40 4 
18 41 4 
18 42 4 
18 55 4 
18 59 51 
19 20 4 
19 24 4 
19 27 4 
19 29 4 
19 34 4 
19 37 4 
19 40 4 
19 41 4 
19 43 4 
19 56 4 
19 59 51 
20 25 4 
20 26 4 
20 27 4 
20 28 4 
20 29 4 
20 35 4 
20 38 4 
20 40 4 
20 42 4 
20 43 4 
20 57 4 
20 59 67 
21 22 4 
21 23 4 
21 25 4 
21 26 4 
21 28 4 
21 31 4 
21 44 4 
21 46 4 
21 47 4 
21 50 4 
21 53 4 
21 59 51 
22 24 4 
22 25 4 
22 26 4 
22 29 4 
22 32 4 
22 45 4 
22 46 4 
22 47 4 
22 51 4 
22 54 4 
22 59 51 
23 24 4 
23 25 4 
23 27 4 
23 28 4 
23 33 4 
23 44 4 
23 48 4 
23 49 4 
23 50 4 
23 55 4 
23 59 51 
24 25 4 
24 27 4 
24 29 4 
24 34 4 
24 45 4 
24 48 4 
24 49 4 
24 51 4 
24 56 4 
24 59 51 
25 26 4 
25 27 4 
25 28 4 
25 29 4 
25 35 4 
25 46 4 
25 48 4 
25 50 4 
25 51 4 
25 57 4 
25 59 67 
26 27 4 
26 28 4 
26 29 4 
26 38 4 
26 46 4 
26 52 4 
26 53 4 
26 54 4 
26 57 4 
26 59 67 
27 28 4 
27 29 4 
27 40 4 
27 48 4 
27 52 4 
27 55 4 
27 56 4 
27 57 4 
27 59 67 
28 29 4 
28 42 4 
28 50 4 
28 53 4 
28 55 4 
28 57 4 
28 58 4 
28 59 67 
29 43 4 
29 51 4 
29 54 4 
29 56 4 
29 57 4 
29 58 4 
29 59 67 
30 31 4 
30 32 4 
30 33 4 
30 34 4 
30 36 4 
30 37 4 
30 39 4 
30 41 4 
30 44 4 
30 45 4 
30 47 4 
30 49 4 
30 59 47 
31 32 4 
31 33 4 
31 35 4 
31 36 4 
31 38 4 
31 39 4 
31 42 4 
31 44 4 
31 46 4 
31 47 4 
31 50 4 
31 53 4 
31 59 67 
32 34 4 
32 35 4 
32 37 4 
32 38 4 
32 39 4 
32 43 4 
32 45 4 
32 46 4 
32 47 4 
32 51 4 
32 54 4 
32 59 67 
33 34 4 
33 35 4 
33 36 4 
33 40 4 
33 41 4 
33 42 4 
33 44 4 
33 48 4 
33 49 4 
33 50 4 
33 55 4 
33 59 67 
34 35 4 
34 37 4 
34 40 4 
34 41 4 
34 43 4 
34 45 4 
34 48 4 
34 49 4 
34 51 4 
34 56 4 
34 59 67 
35 38 4 
35 40 4 
35 42 4 
35 43 4 
35 46 4 
35 48 4 
35 50 4 
35 51 4 
35 57 4 
35 59 67 
36 37 4 
36 38 4 
36 39 4 
36 40 4 
36 41 4 
36 42 4 
36 44 4 
36 52 4 
36 53 4 
36 55 4 
36 59 67 
37 38 4 
37 39 4 
37 40 4 
37 41 4 
37 43 4 
37 45 4 
37 52 4 
37 54 4 
37 56 4 
37 59 67 
38 39 4 
38 40 4 
38 42 4 
38 43 4 
38 46 4 
38 52 4 
38 53 4 
38 54 4 
38 57 4 
38 59 87 
39 41 4 
39 42 4 
39 43 4 
39 47 4 
39 53 4 
39 54 4 
39 58 4 
39 59 67 
40 41 4 
40 42 4 
40 43 4 
40 48 4 
40 52 4 
40 55 4 
40 56 4 
40 57 4 
40 59 87 
41 42 4 
41 43 4 
41 49 4 
41 55 4 
41 56 4 
41 58 4 
41 59 67 
42 43 4 
42 50 4 
42 53 4 
42 55 4 
42 57 4 
42 58 4 
42 59 87 
43 51 4 
43 54 4 
43 56 4 
43 57 4 
43 58 4 
43 59 87 
44 45 4 
44 46 4 
44 47 4 
44 48 4 
44 49 4 
44 50 4 
44 52 4 
44 53 4 
44 55 4 
44 59 67 
45 46 4 
45 47 4 
45 48 4 
45 49 4 
45 51 4 
45 52 4 
45 54 4 
45 56 4 
45 59 67 
46 47 4 
46 48 4 
46 50 4 
46 51 4 
46 52 4 
46 53 4 
46 54 4 
46 57 4 
46 59 87 
47 49 4 
47 50 4 
47 51 4 
47 53 4 
47 54 4 
47 58 4 
47 59 67 
48 49 4 
48 50 4 
48 51 4 
48 52 4 
48 55 4 
48 56 4 
48 57 4 
48 59 87 
49 50 4 
49 51 4 
49 55 4 
49 56 4 
49 58 4 
49 59 67 
50 51 4 
50 53 4 
50 55 4 
50 57 4 
50 58 4 
50 59 87 
51 54 4 
51 56 4 
51 57 4 
51 58 4 
51 59 87 
52 53 4 
52 54 4 
52 55 4 
52 56 4 
52 57 4 
52 59 67 
53 54 4 
53 55 4 
53 57 4 
53 58 4 
53 59 87 
54 56 4 
54 57 4 
54 58 4 
54 59 87 
55 56 4 
55 57 4 
55 58 4 
55 59 87 
56 57 4 
56 58 4 
56 59 87 
57 58 4 
57 59 111 
58 59 67 
